100
5548
6789 5448
28790 3182
25989 4754
46494 2581
9520 6753
14788 6471
44540 3312
34724 3877
41368 3347
19966 3805
28817 3288
42664 3679
14639 5433
39268 5416
9930 2323
46874 1621
23597 7488
29162 7711
12637 8208
15096 7977
42480 7161
4207 3082
27815 5464
7335 8483
17178 5206
35139 7256
12952 337
16999 4808
29983 1158
14981 3434
12 1701
23791 3939
4075 2001
3889 3714
7896 3004
30355 65
12735 6349
8327 4016
48854 4719
39632 223
38936 7016
18508 8689
5525 541
703 7315
33627 531
16163 6267
20235 7825
29767 4436
10474 4469
7126 4404
18935 3115
1464 1406
23745 8117
16650 7211
9724 1823
44256 7592
32925 1906
6689 2651
37470 1062
42824 5327
28491 3177
25609 7367
9095 2317
23084 4876
19032 6628
21661 3802
24264 892
25058 1254
12616 7057
28547 5339
21731 426
47754 973
32737 4587
22628 478
6423 5883
49862 588
35623 2791
2524 8170
18699 2352
35915 6367
24240 4031
33264 4698
12055 7429
23600 5676
1084 645
46972 4202
39804 2416
13567 5886
25141 1682
27458 5828
12739 1413
15318 124
113 1832
37983 336
665 3411
10909 7892
4163 1149
30896 4470
27486 2440
26730 1231
