1000
5481
87902 4560
97309 6796
22643 3680
10473 2639
64864 5913
55078 2410
94296 2474
10529 3141
84126 6507
16324 4638
26047 4484
8289 7145
85474 8134
4305 401
90475 3719
15847 1434
27948 5925
97709 1762
4593 4628
91088 4670
6266 5246
51364 4265
29205 563
7185 8514
35768 3725
28346 4182
7418 3737
1694 1046
31491 6422
77301 5623
28637 2781
63337 1534
58768 7145
23200 1864
38800 6281
48264 6794
99865 1000
58065 8336
14847 1238
77752 4195
39215 7030
47625 4536
79384 1171
85164 6781
17031 2067
93790 1978
88059 5051
67434 5988
49065 2420
65379 3542
53845 8207
41076 3337
19110 2916
78914 3295
50967 1166
7145 3449
77063 1206
31396 7863
3742 684
46888 6227
32003 7760
57376 1801
28792 2701
12153 2504
39766 8794
46144 6678
70137 8554
34460 8404
68990 6954
33566 7531
48674 4784
7909 5950
99460 3821
27968 1916
42634 4042
64544 7514
19186 7434
61043 1827
69729 5515
68618 1338
98904 1281
10862 4405
34607 1212
28869 7287
56719 6751
48725 8826
63542 5983
30421 4651
69067 8264
49490 590
68106 200
39983 2893
52259 245
72664 381
87013 5346
7303 6319
23870 8096
72819 1334
29424 5489
17841 3483
17801 4
43277 4660
4453 4348
24914 3674
96619 7203
30849 840
87345 3810
12293 3649
6542 4625
33831 6725
50881 3667
98499 3015
87306 557
7606 751
60231 6242
30531 3480
75995 4115
96334 7689
27548 2191
52065 486
38853 1329
24604 8619
38981 2281
53312 5884
57069 8524
48069 6342
40684 4837
52160 8706
4952 933
22493 6217
72835 8461
43815 3196
45669 2131
65586 3901
83861 2876
56604 264
63658 4705
41522 2628
94383 237
95074 1619
8179 8407
63668 245
8655 715
16012 199
85617 770
38479 1512
17918 5615
37762 4322
95921 5116
8599 7622
28670 2373
35620 7222
27557 5085
6568 4998
8789 6434
34332 6890
94229 5363
10885 8112
82942 5289
97579 2656
56505 8628
23112 7192
61589 4113
12374 2004
62046 6928
21634 4949
79689 4192
56392 7762
2588 3086
1675 8180
61345 7311
50112 3845
85608 7123
41871 1412
74972 6680
78409 6577
60922 5188
79525 8701
1586 5634
37263 8369
51770 1449
15144 7478
35963 5096
57469 4429
70682 8389
43535 7029
40081 2992
12160 1587
62660 1254
88095 4989
95361 4196
4570 6065
87545 638
86901 1276
35014 7641
73693 245
69402 3604
62207 534
22280 4669
82781 1801
12550 891
28067 3490
76797 6394
40758 1115
95945 3450
98913 5647
29213 691
7784 1244
49831 7432
51834 4677
26251 44
77801 1542
51437 2870
39666 95
19616 5389
42227 7683
84243 1323
49663 8024
2593 6890
70353 1819
14767 8016
85195 4549
56463 5515
5239 4524
38002 8843
44527 4872
56687 3528
54099 3043
29299 2499
98781 6190
85097 8096
55654 2544
78994 4560
72924 5364
64577 5531
1515 8672
89675 3271
94978 1177
61389 2668
97635 3428
52855 8701
19283 6776
3730 213
9980 8611
55014 7730
8872 3071
17297 2701
11444 2886
26182 6453
91122 2405
26351 1470
16753 1531
36742 4593
77986 8535
92326 4781
82062 5626
32923 3364
82341 3659
18334 8662
67606 7574
80075 443
22068 1898
39231 192
6981 6553
57398 7129
38886 2750
4461 183
60622 8032
25840 2291
72345 1957
49692 3622
46926 8791
52619 1419
43951 70
67363 7536
42228 5140
1967 2442
49255 5911
65306 7695
28085 2224
18995 3242
13505 15
95818 1898
86907 1588
48352 6964
71498 4763
631 6780
68404 8163
62862 5977
45684 3957
56742 3705
24081 4595
55844 6999
35723 4157
79636 199
5950 5581
19289 2715
9062 6344
88622 4222
75016 490
62361 7932
60937 8573
52958 6978
37939 1743
45479 6109
25025 6048
15412 3156
44350 6801
17834 2650
72687 237
19833 2135
64811 4947
79252 188
65777 731
52616 5072
61372 283
88747 3420
92858 4503
63564 1478
78222 1964
8700 6909
83331 767
12445 2181
80070 3284
68528 7514
99343 4315
89324 6087
3430 5231
63077 1392
78302 1201
3255 6559
62806 5066
37901 709
25556 7676
8163 6757
82678 5051
55611 4063
46807 2054
95072 7499
62225 572
58427 8459
93467 3071
58152 2912
5817 6959
73544 1666
65679 8676
19006 4319
40943 3679
77915 4147
57052 2923
95387 2745
37311 1400
35218 1453
92691 5475
98686 3017
10001 900
131 2856
63605 1480
94514 4716
58889 4718
23256 6705
67357 1024
24491 4760
7252 5375
31757 7437
71153 2895
13188 2740
71448 4576
10876 3621
21564 4521
13624 724
72195 7698
80112 3248
93978 4973
46654 58
42558 8095
94928 3715
76435 953
83354 3611
99850 6108
39752 8496
44637 1909
885 3731
80755 4998
69385 7993
22747 5695
17623 3588
49269 543
16623 6251
45769 5933
75414 1013
52310 7697
11491 2164
64929 4190
81931 607
19417 1253
76692 5060
26524 7515
53550 7984
65962 8648
8299 6158
33430 4603
24507 5560
89366 4366
67748 6307
91913 6107
83357 4743
913 2683
73720 781
6444 2395
17375 4122
93569 6748
30234 6988
24104 718
79924 3368
86352 2210
17190 3692
21879 3901
90723 3740
37460 8069
87069 1359
24101 5989
90524 3636
61803 5504
3359 4429
25816 523
94595 5415
12290 5404
39703 7097
79730 1417
30526 5818
66746 7570
94610 358
29643 7460
9446 7515
48397 2699
88481 4011
57938 4835
81124 2391
16983 8253
31853 2510
85938 5581
15672 2761
7193 5163
57620 5035
2743 1758
66465 8474
36710 3154
92298 2736
15444 5707
95273 5855
23542 444
45979 6591
99729 1991
17611 7082
22072 154
80749 1777
28756 4911
10828 437
32842 4840
8088 7697
86970 522
8567 7740
45743 1851
2334 7708
79549 637
74273 6455
18252 7820
29730 2993
9526 1431
92448 5107
66037 1517
48010 632
87087 5200
71922 2086
66983 3680
90876 7878
54975 5718
48523 1628
19966 3432
84198 8656
33546 1759
77490 2890
70932 3255
68559 1785
96834 8638
67016 2993
37436 5234
32568 2581
53132 3891
71596 1499
10241 1243
91974 2640
88496 3593
75752 2138
5481 5470
87526 130
50197 4320
71206 4808
20187 2168
20651 3853
25055 3821
5376 2867
77907 6723
28790 3999
4964 3313
37734 5543
75895 1546
56645 3793
84078 316
19365 5261
76304 1906
86193 3860
24924 3649
8847 3177
41904 5958
94912 7004
10501 6034
18455 4639
75621 6440
43299 3180
81303 7186
33601 6182
24760 4915
91208 847
53676 1575
68097 6073
92851 488
16196 3073
91719 2727
84377 7708
69592 8679
48317 8622
29154 5242
90298 7886
35699 93
50411 2102
69045 3225
63422 5780
29531 3491
84382 8227
21846 1679
59128 2943
20243 4589
50622 2877
7837 5800
34739 4105
65422 1380
84349 1938
48617 5274
6248 3937
45957 7224
7014 7094
59486 5559
24470 7297
36928 6522
37994 6802
10931 5265
54650 1777
28439 3564
78800 2528
52490 6166
73470 1411
96165 4701
74572 792
20807 4922
70441 2981
45170 6487
23218 263
38654 744
44476 2641
21005 1555
8237 6907
97972 7710
89228 8742
92842 8607
51025 4400
42730 8008
41402 7054
29908 2002
22370 6489
60230 4838
72848 5507
97807 7611
55169 2005
67691 2722
72435 8703
96453 4652
95596 6231
5172 2957
43510 3009
11844 4944
70293 4808
57853 5322
25508 3788
49441 3821
7320 3029
16377 6875
15987 4708
96694 2345
63815 4842
78091 2477
4339 5511
44322 1212
18307 790
81193 2882
18846 8789
52468 6139
78845 79
6180 2278
37555 353
33946 3044
4218 4138
37507 4029
23771 1083
63756 3840
37546 2196
28120 5406
62790 4102
92998 2462
99458 6135
46167 3140
23018 3168
29034 5302
46854 8277
99491 6726
59793 1504
60819 5068
29648 5504
46091 5365
40854 4825
38938 1167
86019 7031
62014 5136
20080 5960
37254 7888
89698 1940
65970 5322
32470 1899
36492 6378
96075 3574
52778 5010
42748 3253
7316 6416
21596 8229
70031 4550
46483 7388
5355 8146
27722 1221
77034 6379
82749 7953
99634 7287
24893 8128
99119 1915
64470 8450
87988 8496
67786 3364
1653 235
50999 8014
48371 2820
33164 7380
89819 4298
78044 7273
16203 6354
70723 6592
49988 4348
38316 4575
918 7332
96339 7552
69177 6450
89875 8021
48473 8200
95036 4726
16485 2260
23456 3033
44164 4310
83470 4331
6211 6099
2666 4575
28220 4084
95451 3944
96136 6372
80951 1891
91982 8628
65595 5808
2703 3442
26001 7571
72725 7766
23780 5655
80014 2937
4881 6189
72496 6101
12739 762
87284 8305
20297 3188
70245 2660
44572 2035
3538 1275
38816 3923
66201 927
94049 6630
46964 5894
98044 6632
41290 7749
31489 5321
43048 2757
38307 3847
56227 6272
44196 7843
8112 1650
65018 6836
97501 899
5871 3151
45621 6132
79353 1208
82917 4077
61559 704
29324 3589
83572 4599
95795 7379
25031 1455
26966 6118
8496 1102
73311 4470
47809 3420
47658 6386
99925 6693
10115 5505
79941 2574
80527 551
57640 4950
13381 1111
90111 3621
92632 7303
77770 2899
77929 156
99774 4898
38378 4506
73053 8491
68065 8610
15940 7984
43259 7788
39195 7111
45072 3215
66053 8778
77855 1708
28414 4991
7018 5080
67499 4839
14566 8143
59753 3002
65732 6960
24920 4835
21582 2914
53505 8749
30599 845
30388 5327
17437 5884
53128 4807
78581 7430
77926 1795
89331 8509
7275 5520
8656 8830
41337 6601
69628 2534
59776 272
73135 2555
84942 8443
70578 4419
57876 6059
61586 3337
94989 1923
11298 8790
3517 7378
58591 3092
39360 2034
85333 3751
61737 7111
56343 5780
91036 8539
83565 541
88153 6490
69417 3072
35923 337
73517 7980
33495 6907
21925 1923
46333 3943
82178 5144
79998 1062
61054 635
92487 3456
1870 2051
83929 1276
89549 8197
27963 3098
73188 1686
5369 4753
14754 890
49861 3991
16872 3933
73632 5696
31470 4165
79690 2754
34847 6286
19752 6172
43866 7597
48519 6211
7695 6776
60857 7947
92717 955
26574 8098
64055 4867
46244 4693
89151 5271
18007 5273
18686 8609
21489 2605
83056 5135
51487 3681
84737 2
88130 6259
27584 7896
19485 108
27175 5366
81244 8037
94123 4149
37319 5312
31900 8502
10164 8361
17118 1258
73669 8647
36917 7404
28968 8433
86162 4256
96490 324
71873 2438
66972 5436
43567 4442
82134 4810
66209 4776
82899 7107
77816 862
63261 6019
48798 6981
60439 3747
67540 153
8342 5865
3353 7831
35668 4286
99530 900
68840 4863
16515 4152
90664 355
64737 542
29604 8509
52528 5407
31702 7170
90938 3620
84320 5804
66674 6536
50160 5522
18145 2634
75477 1547
21798 3987
22201 5068
23528 1096
35341 397
87200 4110
41653 1993
9600 2847
91871 3448
28735 3615
31463 1772
71906 6337
32888 8571
67888 7094
76685 5079
51515 8685
13649 2109
85421 6367
26064 1192
44732 5833
80748 1176
96283 6683
42769 3258
62446 8196
16103 3719
88876 5602
46494 4415
99812 938
87801 2660
35639 8440
90983 6264
2016 7215
9502 6093
17508 6244
40973 1210
87574 5669
31715 3750
46736 6301
59725 4744
35070 5561
59408 6235
94028 5254
4472 7461
48848 3285
374 5762
81678 2149
78300 4398
71018 4941
29388 5120
50346 5320
56682 8340
27578 6903
81502 6646
78420 7903
86810 603
9115 3545
52633 7430
17804 5799
39990 6774
60997 1422
70695 7881
34892 8687
98679 6833
9866 388
31924 1995
15371 119
26059 5441
67769 2514
40358 1667
81514 5694
47293 7834
64008 3086
12844 8019
93720 4865
87742 6891
73818 8655
23298 7828
49738 8318
3122 7931
30039 351
66837 6666
58947 8812
89137 8088
18278 7401
52423 5914
48724 1829
50584 341
61819 5058
46082 6005
40435 4965
39099 5008
10599 8694
10792 1966
29661 134
16701 3556
25966 5649
9178 8286
7508 2876
44506 1872
66919 5733
73221 8423
75996 1616
18403 3328
46381 3245
82248 8011
97335 3112
26535 7064
39950 1940
31840 369
32636 146
39062 1472
45032 7821
82765 7746
3862 5585
33365 4920
21427 8193
70736 8299
96801 4896
57074 8565
6090 2864
33384 1325
42974 196
35192 1150
87482 1296
86472 4077
37767 5828
62314 7143
31422 5945
39446 7869
71376 7736
3420 3411
85339 8190
93345 1293
97406 4541
80487 7587
71057 7926
