1000
5411
58261 5172
28222 2499
56454 5025
63380 5561
13305 1227
90908 8035
42088 3758
60023 5298
7792 761
75048 6600
71872 6357
52766 4696
7 53
68361 6068
78155 6868
81406 7207
73657 6467
6122 616
61023 5384
53557 4733
60319 5324
98875 8726
86406 7569
73780 6527
34770 3101
5872 564
95549 8414
7408 702
49246 4394
91312 8045
72568 6368
40037 3566
43250 3813
45019 4023
47191 4158
77843 6821
19769 1763
77719 6878
34359 3079
86854 7657
9216 816
85635 7532
88746 7813
35467 3120
7785 684
58508 5180
82698 7292
81709 7166
11781 1071
40017 3543
33217 2971
45143 3981
79537 7003
57589 5127
70497 6240
40255 3562
11073 983
95509 8400
94023 8246
92618 8146
68284 6051
86410 7656
65249 5733
97806 8612
88656 7840
8921 797
34102 3068
22198 1986
98598 8723
73879 6543
79431 6969
30463 2709
19920 1746
61043 5416
71201 6244
8709 817
43498 3872
69631 6173
86670 7625
38493 3445
58057 5092
50343 4481
50222 4469
85816 7554
26716 2363
53552 4721
45962 4075
20637 1877
25876 2345
47017 4157
34001 2984
45425 4055
71243 6284
53755 4747
83090 7293
87840 7730
69451 6137
9988 931
79834 7016
99036 8757
75791 6658
22523 2039
71738 6300
78824 6984
9525 895
82408 7298
20089 1801
41786 3742
56090 4943
22274 2024
15537 1387
13315 1170
40902 3643
54841 4836
56444 5025
82431 7284
1533 140
20971 1921
73387 6497
96020 8434
49188 4369
27348 2410
72133 6323
10068 959
91375 8062
35654 3171
21598 1903
6529 615
72721 6413
7740 692
5156 534
36352 3270
53683 4734
30815 2735
7219 686
16547 1466
27493 2433
43032 3797
47762 4198
13911 1261
93977 8275
66046 5790
22915 2074
89233 7865
99385 8720
8552 760
53010 4721
67405 5924
54335 4762
49024 4366
82350 7254
69778 6118
61827 5420
59754 5248
26050 2296
49740 4391
3141 360
23546 2098
37867 3379
48480 4258
35468 3131
96756 8549
80837 7138
42919 3780
68590 6024
90557 7932
405 103
33762 3002
91820 8094
91092 8067
51312 4510
32591 2881
97906 8608
38844 3411
42927 3775
53803 4776
2930 332
80998 7140
73224 6440
39937 3503
39618 3522
11623 1085
29802 2693
47040 4205
922 147
81368 7215
21296 1914
52537 4611
31146 2772
92880 8149
97395 8593
15419 1382
64867 5732
88065 7729
89526 7876
20016 1792
12676 1186
92476 8107
99252 8763
51806 4582
10415 992
17051 1551
22203 1994
46305 4064
49293 4376
62902 5559
35469 3154
731 126
40564 3589
71084 6240
38463 3422
63896 5644
55683 4883
77326 6775
98698 8683
13001 1207
34186 3014
84944 7469
73916 6531
9923 930
49249 4400
57059 5024
22513 2017
79795 7023
77620 6837
90675 8010
67125 5953
47257 4190
42788 3775
52701 4624
71332 6290
73029 6450
60143 5287
74914 6574
24896 2183
76220 6698
62570 5565
12961 1184
46833 4158
19713 1735
93579 8261
57328 5026
73712 6490
90648 7984
76999 6828
77311 6835
45734 4047
66089 5876
15879 1435
20355 1785
22832 2046
86876 7679
31502 2776
8014 788
99305 8768
48399 4318
93268 8251
48467 4261
27098 2405
95886 8434
21294 1944
96459 8503
62291 5504
41387 3633
96421 8497
84205 7443
59667 5306
16937 1503
9484 909
65641 5761
80135 7094
29629 2601
93905 8300
60640 5312
44009 3886
3702 399
62520 5541
5182 469
3289 312
10422 964
31515 2816
35890 3228
21053 1886
82567 7266
395 43
81868 7243
16239 1455
42848 3805
41388 3646
73211 6455
88077 7739
58008 5144
66528 5904
47846 4239
18403 1647
900 96
67633 5966
26266 2376
80348 7088
16514 1517
90835 7969
92601 8177
98269 8630
29720 2676
59604 5233
84166 7406
26034 2368
82711 7300
29067 2633
9729 861
52322 4597
6034 549
92649 8134
47053 4143
85096 7467
73815 6540
60315 5283
72658 6450
84715 7468
99868 8775
75077 6581
58566 5161
86724 7625
23328 2056
36019 3190
55417 4915
41021 3664
59521 5301
21186 1902
2795 297
92109 8156
88867 7831
67683 5978
56490 4957
34664 3119
30124 2652
30325 2705
7469 665
66139 5874
92766 8207
36842 3311
31512 2802
31296 2795
95303 8403
26973 2382
95339 8387
15107 1390
43731 3830
55016 4896
97555 8619
23826 2130
37460 3346
12808 1133
56534 4981
16233 1444
31602 2806
29794 2643
5726 559
79179 6994
98837 8660
55562 4918
87892 7736
29979 2685
53002 4703
52723 4701
71525 6279
53743 4712
26935 2435
38845 3452
86869 7681
11434 1054
56870 4985
46220 4069
29962 2656
66082 5846
43632 3857
27057 2450
14136 1238
45549 3990
78697 6898
87490 7677
99610 8745
96846 8486
35311 3141
2131 190
83942 7356
10429 996
36783 3237
15991 1434
96985 8515
75298 6664
29186 2606
5132 534
88695 7821
48345 4303
54604 4871
98588 8690
56748 4978
6812 672
64861 5741
56845 5058
56225 4968
69523 6092
72109 6386
99872 8818
48211 4298
15094 1373
44926 4018
5739 503
56242 4973
95576 8404
33359 2986
70547 6256
60239 5304
55823 4900
30784 2734
89954 7954
9823 910
86883 7644
48523 4250
36152 3199
80042 7044
50337 4449
83977 7419
21901 1995
28377 2565
35925 3163
14741 1305
89290 7869
82764 7275
29208 2632
17640 1547
33651 3018
39554 3502
19054 1727
61751 5479
20215 1804
60281 5324
17920 1609
21963 1948
49946 4389
43880 3858
48737 4347
81528 7223
29397 2641
80344 7067
78061 6865
66973 5942
34531 3035
64801 5687
93211 8240
99077 8722
38788 3419
82744 7298
72519 6388
9537 864
69761 6159
80952 7160
29033 2557
91371 8007
85619 7582
8137 729
3416 305
92432 8178
76460 6742
14592 1321
30505 2717
67765 5995
10148 960
18905 1738
57174 5080
34866 3072
51817 4554
61989 5430
73246 6421
40009 3543
27707 2507
27232 2451
12932 1190
46090 4072
26448 2396
56083 4933
87668 7705
68198 6019
7434 726
48738 4315
92533 8163
58374 5193
3822 384
47903 4222
54143 4751
72957 6451
50446 4466
63696 5592
69975 6148
60750 5371
30861 2788
44455 3935
24216 2121
24066 2183
81902 7201
39832 3513
44921 3961
33128 2902
91318 8032
36450 3250
98309 8622
44390 3900
89643 7877
21951 1930
58283 5164
96055 8450
42231 3775
6131 571
46087 4037
45391 4053
32731 2934
60116 5299
55700 4885
83165 7305
85724 7529
30362 2662
24108 2164
29724 2640
91245 8050
49621 4394
95727 8448
42081 3757
61021 5418
66047 5800
16825 1513
14896 1321
29858 2662
27548 2497
34098 3029
93060 8204
4990 508
93247 8173
21615 1922
63557 5617
37698 3343
76185 6691
55188 4859
59537 5271
1434 185
26921 2392
55601 4894
51308 4521
12421 1125
10288 955
67670 5999
20893 1890
28459 2536
75256 6657
95664 8422
55891 4902
14875 1311
70005 6134
35897 3206
22849 2048
60953 5372
10638 975
36320 3205
36618 3226
41052 3599
30722 2724
53215 4711
72645 6423
78884 6965
54292 4792
25704 2323
65589 5827
9568 918
11065 1044
13495 1183
25124 2211
87512 7729
59622 5279
87801 7736
74271 6513
84332 7470
84691 7469
19229 1686
81414 7201
22071 1945
82862 7300
273 57
70 59
19643 1760
59543 5240
73449 6518
24146 2159
32124 2850
31470 2774
91060 8033
73707 6465
95491 8447
48448 4287
37956 3353
30340 2695
45216 4002
15573 1375
63045 5530
77362 6850
75104 6583
54629 4862
65776 5775
62158 5487
95635 8409
69182 6119
64054 5618
90171 7940
9071 865
11968 1084
46189 4122
25143 2252
45556 4003
18733 1653
22927 2008
18512 1634
47450 4183
90580 7964
91743 8062
18655 1637
78556 6887
16962 1557
26492 2332
59650 5228
11056 1019
72191 6363
67514 5985
45359 4056
21112 1882
13346 1180
47068 4133
44215 3906
26375 2395
57022 5048
72348 6388
75270 6672
20947 1919
91740 8109
92277 8104
48972 4356
50763 4468
46488 4158
39482 3503
31220 2795
47354 4172
36397 3236
12006 1107
42863 3792
73062 6464
89858 7907
6326 597
79904 7011
80258 7105
10642 1020
6879 620
42520 3739
13466 1207
59696 5273
6786 632
38405 3394
15151 1342
23543 2071
8354 749
48123 4216
6638 630
87619 7727
10341 993
60278 5305
7295 702
40891 3669
50101 4444
80714 7141
15334 1373
20267 1808
49951 4388
86050 7581
39803 3548
11404 1017
55945 4957
41634 3697
49663 4391
82066 7224
36480 3277
18296 1620
27855 2460
20688 1821
6502 591
6142 552
39679 3500
10070 935
65823 5784
22589 1978
33496 3013
32998 2911
39107 3435
81125 7153
23181 2072
671 108
47460 4218
4839 455
5623 520
83878 7371
89942 7952
3104 340
60942 5375
99327 8711
71625 6348
34404 3092
55907 4982
40784 3608
18889 1707
21161 1908
50067 4404
52651 4649
6930 634
95956 8452
48549 4280
64313 5671
56016 4962
46036 4104
52649 4631
75627 6667
62579 5485
82495 7288
25080 2234
39316 3465
73108 6426
61138 5361
33179 2951
52917 4671
42375 3753
46218 4125
52159 4578
10932 970
15391 1356
55694 4886
40899 3624
80603 7093
69379 6117
42171 3752
96043 8470
75907 6706
7812 768
9121 847
73433 6518
7540 663
49686 4435
74028 6491
13050 1222
96540 8471
15750 1385
24 87
23128 2085
89625 7864
35018 3098
5588 544
85011 7524
45681 4006
98109 8651
52287 4600
84104 7452
94902 8399
23064 2056
45999 4072
5876 586
74559 6606
66906 5944
75544 6629
31654 2784
34598 3093
28098 2527
95205 8356
36776 3262
69492 6165
67348 5965
30061 2698
50501 4449
37432 3291
88373 7805
15668 1446
24250 2183
63553 5611
14450 1319
94922 8327
79752 7026
98649 8724
2744 270
27487 2408
42977 3816
81743 7216
10504 942
50717 4471
14507 1278
60872 5404
95000 8321
29051 2608
54574 4827
91681 8064
50691 4522
30193 2688
4732 437
9688 932
94678 8308
56228 4941
92579 8144
78672 6964
65009 5701
21929 1991
40591 3594
62403 5494
9973 911
22385 1995
68777 6049
84154 7409
33812 3044
84136 7376
78303 6868
7382 670
29333 2620
8834 782
84131 7422
51017 4490
2204 240
24006 2179
66954 5931
31234 2783
53810 4718
42684 3826
11830 1084
90428 7921
64247 5650
22557 2006
96265 8496
73963 6545
63865 5603
60285 5292
79958 7008
69109 6125
66687 5866
24788 2211
16244 1449
78936 6995
42827 3826
28223 2510
95021 8358
73294 6423
52218 4635
63364 5558
22171 2022
93013 8176
60821 5331
13210 1207
93985 8268
20466 1846
94538 8285
69400 6117
62514 5548
49309 4334
25826 2328
85428 7544
967 99
84298 7452
28119 2506
89565 7917
30574 2699
23703 2151
97448 8570
33650 2971
67511 5962
79464 7042
97401 8615
18466 1632
25869 2342
37162 3260
74372 6516
82989 7342
91882 8077
58130 5157
81486 7183
67359 5919
9356 829
18901 1659
26262 2357
97101 8514
98438 8661
21732 1906
86849 7679
92166 8153
37511 3290
42497 3760
25475 2265
4230 396
28692 2572
87757 7708
57907 5148
45323 4043
69270 6152
16130 1487
26310 2334
30812 2719
1262 126
44332 3902
46109 4055
73183 6420
67325 5981
86280 7634
14349 1276
87438 7701
53061 4678
54454 4845
94920 8391
55339 4864
35241 3106
67596 6003
85965 7538
57906 5086
10481 975
51717 4538
97365 8613
88494 7815
30805 2698
85781 7567
78984 6987
11657 1098
43243 3801
83753 7374
28994 2614
99341 8715
91313 8028
55254 4846
32091 2879
25913 2273
65557 5815
87402 7704
803 156
72030 6319
69119 6061
48465 4326
11323 1067
5059 476
64181 5656
47844 4256
35242 3145
96351 8451
96707 8515
79376 6953
20714 1863
26584 2374
22241 1961
51177 4520
99431 8733
60326 5341
7119 647
68228 6028
79472 7002
16203 1501
5003 520
27498 2493
28106 2482
79231 6987
70572 6212
63951 5664
42695 3740
63162 5618
73851 6505
96212 8464
89202 7868
79190 6974
34198 3018
51974 4560
76764 6774
13181 1197
50898 4521
51692 4579
65084 5783
42257 3714
38167 3430
55499 4892
21324 1904
80449 7080
94061 8283
98463 8696
12533 1106
10577 981
89728 7941
83246 7320
6227 606
34328 3024
48717 4279
9254 834
40773 3578
83298 7353
70992 6234
51735 4570
96391 8479
19738 1789
