1000
8003
4243 67
34535 4219
18166 1173
20029 1419
9869 350
25807 2356
11332 457
21892 1695
23067 1883
31565 3523
8357 253
2920 31
41976 6233
2174 18
13599 659
22779 1840
45350 7278
8557 262
19540 1353
8294 248
533 8
334 2
29121 3000
26211 2437
45046 7176
18295 1184
47974 8137
28613 2899
859 7
4741 84
43616 6727
39049 5395
31042 3411
10481 390
6081 135
34744 4276
34437 4199
24802 2179
37164 4884
3415 44
39028 5386
9380 313
2414 22
23509 1962
38563 5257
42729 6455
15812 886
12407 552
24963 2206
27120 2602
34213 4139
32388 3716
34576 4233
36249 4652
17804 1120
31979 3621
36336 4676
11072 439
40841 5905
38050 5120
35894 4555
39005 5384
37679 5023
40477 5794
11555 473
7057 182
3124 38
34505 4212
43032 6552
43235 6617
45870 7443
4546 80
41872 6206
29301 3037
19207 1312
19592 1361
43051 6560
1691 14
28298 2834
28189 2817
34995 4332
734 7
39393 5494
2642 25
14207 721
22226 1749
4223 66
22241 1753
46956 7801
36356 4677
23493 1953
32416 3717
30394 3274
40366 5767
12147 522
20610 1503
21761 1680
39872 5620
34885 4306
33613 4002
35807 4534
35568 4477
24760 2172
40315 5751
11642 487
41551 6106
49922 8818
14139 713
13999 694
18511 1219
48088 8183
23498 1955
38077 5128
14680 769
36039 4600
29828 3147
41028 5953
47705 8048
22007 1717
42126 6282
36577 4730
21969 1713
28911 2961
43976 6843
728 2
20539 1493
12379 543
8648 265
3744 54
28885 2954
44135 6890
32475 3729
47654 8036
26696 2527
42193 6298
42863 6495
25854 2363
8341 250
11925 507
32714 3787
19983 1411
16333 947
22460 1790
46715 7723
46095 7513
29412 3058
37798 5058
1298 12
23959 2029
48966 8485
32666 3780
16136 928
21763 1674
12667 572
43355 6650
6914 173
12119 523
17894 1134
29637 3108
5498 108
10296 381
38466 5232
21216 1598
42015 6248
40459 5793
41334 6043
17912 1136
44534 7018
30124 3216
39930 5645
13240 627
5051 92
45583 7354
38692 5297
5518 113
49943 8823
37560 4991
7157 189
18036 1150
4682 82
48370 8273
7286 192
40795 5888
45895 7449
8933 290
27848 2748
23378 1939
6820 168
42860 6497
5493 107
10743 412
34433 4198
10862 418
47744 8062
13446 645
11290 451
22599 1806
35824 4543
15294 827
39910 5634
11679 483
8043 233
5580 117
24828 2186
8836 281
22043 1717
27203 2618
14227 717
38111 5138
22747 1833
9825 349
38104 5135
20439 1479
17221 1055
40674 5850
39035 5391
5107 96
49920 8816
25564 2314
27335 2644
36226 4642
20224 1452
43209 6603
21062 1575
34391 4189
811 7
2505 24
24655 2150
12111 518
20187 1442
30867 3374
37881 5080
19402 1335
44940 7142
27318 2639
45015 7166
32924 3837
8847 276
46884 7775
16587 980
30019 3189
34403 4185
589 6
39632 5557
13860 679
18705 1238
47878 8104
9588 333
38525 5254
49115 8536
37980 5105
19183 1309
39203 5434
21557 1647
22776 1839
48603 8352
27978 2767
17352 1070
48533 8336
27272 2637
14188 716
20411 1477
29369 3053
43576 6715
21536 1641
2568 25
32462 3731
40112 5696
14528 754
5731 116
8066 236
44267 6928
29034 2988
1023 9
789 10
43236 6617
41742 6161
32508 3739
1858 16
36836 4803
28665 2907
35487 4456
16381 953
29618 3103
2167 24
364 1
38293 5187
35900 4563
44775 7095
25465 2299
38974 5378
4560 77
6526 151
49389 8628
33877 4058
17432 1077
13496 645
22341 1770
7791 222
29394 3056
45274 7248
6853 169
6428 152
29117 3000
41400 6059
17798 1120
46989 7814
14980 801
26113 2417
25304 2268
3162 41
10615 398
29173 3009
12630 569
29078 2996
33389 3942
31302 3471
17563 1094
16923 1012
24036 2046
18583 1227
16814 1006
28625 2901
4 7
33404 3946
18711 1245
31320 3476
4521 73
9102 299
45643 7370
8824 280
38394 5217
10140 370
30229 3232
20561 1496
14140 708
26551 2499
35766 4528
9406 320
44956 7149
39322 5473
49588 8696
15984 909
48274 8242
7257 188
19758 1380
253 6
29083 2998
42902 6508
9426 314
21669 1662
33065 3873
41489 6087
27989 2770
3084 40
7154 187
14753 772
10747 412
14902 786
19261 1312
34976 4332
26890 2558
26128 2415
32716 3785
29952 3172
8748 272
45816 7428
43876 6812
44250 6929
32537 3748
13047 606
44557 7024
4267 68
45702 7391
47814 8086
36408 4689
25994 2395
34062 4102
22780 1835
35856 4547
46215 7553
8068 238
24481 2126
36580 4735
45025 7170
20112 1432
5984 131
19622 1365
3884 53
23900 2025
8754 276
40305 5749
1495 9
17703 1115
33367 3943
6596 157
32020 3625
48620 8359
31540 3524
17357 1072
15568 863
19270 1313
26785 2537
48316 8253
12345 539
14552 751
418 5
32944 3842
16278 941
44826 7111
21590 1653
47602 8011
41241 6018
41195 6006
41510 6094
31102 3428
37843 5071
26526 2492
34953 4323
40533 5809
39476 5510
30634 3324
28432 2866
10755 408
39947 5649
12216 532
26829 2545
49300 8601
29974 3180
39612 5552
25691 2334
29739 3132
6992 179
24249 2082
39087 5408
36215 4638
25185 2245
45351 7275
47006 7818
18650 1233
26168 2426
15235 823
40677 5855
32958 3846
8104 238
23969 2039
14505 745
2322 26
13703 667
3105 36
44813 7102
42583 6418
16976 1023
8477 259
44581 7028
38629 5280
9940 356
30129 3215
32471 3728
39147 5423
14245 722
29479 3073
25429 2291
26258 2437
3740 52
9253 305
34301 4166
16882 1013
42853 6499
10595 401
5685 122
19037 1287
45063 7180
42602 6417
11278 451
2073 20
6921 172
47484 7977
49409 8635
40597 5828
1185 4
38721 5305
45742 7397
21566 1652
6791 163
41187 5997
15747 876
18791 1250
48257 8233
10734 410
30291 3251
24629 2144
10677 410
46655 7701
31977 3616
49037 8501
32149 3660
18427 1200
10997 431
15482 853
46392 7615
37064 4860
38874 5346
43409 6667
43013 6545
40418 5775
34268 4159
46322 7591
11531 474
2942 38
48413 8292
41093 5976
15395 842
31096 3418
48674 8382
1506 9
36133 4620
8730 277
1825 12
15545 854
42621 6429
11078 440
7773 221
1932 16
31514 3519
22509 1793
25705 2339
18003 1147
19194 1304
18487 1213
4303 70
9607 332
32294 3695
4070 61
39311 5464
29472 3077
8102 232
21722 1671
3991 57
9103 295
36269 4658
23618 1978
21609 1658
46298 7579
2435 21
35208 4382
23651 1984
45192 7221
25361 2279
11216 444
17763 1118
14204 714
31274 3461
16202 935
30936 3386
34781 4279
3535 50
32906 3834
3492 48
42116 6271
27867 2747
1585 16
36851 4805
6123 138
49898 8803
22797 1838
12819 581
3395 42
25396 2281
30606 3319
20319 1461
19190 1309
31689 3558
48996 8489
11329 453
41497 6091
13291 627
38807 5326
49783 8766
11950 504
41102 5977
47222 7889
21049 1572
20695 1516
28984 2974
21517 1638
35831 4546
41256 6024
12297 539
46752 7732
43532 6706
28664 2910
24172 2066
9704 332
11957 513
27130 2605
42865 6499
5262 103
21191 1594
26430 2471
16644 981
8579 266
23635 1978
32962 3846
15937 903
34740 4269
10489 393
20765 1531
32361 3705
971 7
29214 3017
37718 5032
45948 7469
36027 4592
22924 1861
44408 6978
13931 690
45789 7414
4413 72
28576 2894
37904 5083
37523 4979
30011 3190
841 6
35832 4544
30789 3354
7698 216
30333 3256
41352 6051
33479 3963
37201 4897
8417 254
14742 773
7722 215
30096 3202
3522 44
17102 1042
25006 2213
26724 2530
19255 1310
36231 4644
19329 1323
4021 58
36012 4590
14229 715
19295 1321
38054 5125
12053 517
30951 3389
38968 5369
17801 1120
44831 7114
14664 767
29985 3186
17042 1028
30522 3299
30641 3324
28026 2780
15379 843
21575 1647
39766 5597
15081 806
6196 143
8584 263
45049 7183
5248 97
24803 2177
43946 6831
22350 1768
29255 3030
7531 205
49612 8703
32646 3774
3398 40
17852 1134
11449 465
41503 6095
899 7
49847 8793
44887 7123
35623 4489
2013 20
11842 496
44916 7137
29598 3101
46151 7538
14619 760
977 9
22230 1754
11973 507
10000 359
36595 4736
38091 5136
4651 82
274 7
11359 460
22744 1830
16173 932
37852 5071
46356 7597
28524 2880
14066 700
2478 22
20178 1444
22557 1803
7806 216
32010 3629
46733 7726
45330 7269
26158 2422
38941 5363
27155 2610
1167 10
1153 7
4368 71
4356 68
8765 273
46662 7704
14760 773
2441 23
12957 594
28699 2913
21354 1614
44039 6864
23895 2023
45264 7244
38781 5318
19103 1293
19319 1319
1337 13
5433 112
5553 110
23335 1932
42379 6356
35835 4541
37923 5092
9571 323
11966 513
41144 5985
13380 635
20303 1465
14646 762
30050 3194
24409 2113
38318 5199
14087 707
13435 638
5866 121
22495 1789
785 2
21063 1568
16525 970
19172 1307
49041 8507
30044 3193
17739 1118
37763 5049
34811 4289
8507 258
1549 12
14203 718
34280 4161
3629 53
12054 519
15669 876
30360 3264
7568 204
33058 3871
20833 1535
7863 223
5850 126
6861 166
31761 3568
46357 7599
43078 6562
2406 25
2470 29
4612 76
10621 399
12562 558
20911 1554
28978 2973
23272 1917
47144 7863
43240 6613
27126 2602
33775 4039
47161 7865
21999 1713
26557 2493
22313 1768
35180 4381
11672 482
28776 2929
25133 2241
40871 5910
2354 27
49045 8509
26118 2416
24353 2104
30660 3323
10589 401
5687 119
47979 8140
26469 2482
32497 3736
45602 7358
44228 6921
44663 7060
23064 1886
1989 19
33360 3934
37638 5015
13958 689
15196 823
17367 1074
34358 4174
10092 364
31142 3433
23811 2010
12551 563
15386 843
31888 3603
27652 2710
44350 6955
1321 8
19523 1351
48177 8214
17319 1061
21668 1664
5822 127
47554 7998
25035 2216
31133 3430
14225 718
11387 460
23088 1891
24009 2040
8595 268
14378 736
31735 3560
49282 8592
14116 705
29458 3074
47282 7911
45774 7415
27092 2603
2608 32
10694 406
45938 7461
40496 5802
14828 779
27885 2752
35353 4418
22993 1875
27804 2740
31372 3485
36051 4603
42131 6278
43254 6617
6922 173
4972 87
44240 6919
47063 7832
15625 867
36159 4629
37487 4972
49333 8611
31002 3403
41141 5988
44891 7127
39920 5634
13053 603
2645 29
42967 6534
44138 6896
41261 6023
15062 804
37593 5002
31196 3445
37714 5028
25510 2308
45306 7264
9976 357
26911 2567
6601 159
25199 2248
22614 1811
7317 193
38421 5227
39842 5617
25566 2310
12733 573
23796 2004
24222 2081
31812 3583
8753 273
5863 122
31791 3574
6748 160
25502 2301
15790 889
42214 6306
49944 8824
3462 49
14605 762
30536 3300
19147 1297
43124 6583
41052 5959
23943 2031
15918 902
531 1
37767 5050
47803 8079
15730 881
39906 5638
40455 5788
47202 7880
29849 3150
44834 7113
908 4
5163 94
13257 628
17442 1078
25833 2365
11214 448
46943 7792
35429 4446
38806 5325
28800 2932
42526 6398
47841 8092
46218 7560
35094 4355
4199 69
18363 1193
2166 17
33857 4059
15600 863
24746 2172
46674 7703
26332 2456
13870 682
35092 4357
24226 2075
37568 4997
6254 139
38849 5342
36470 4702
37407 4955
11345 459
4803 84
9212 305
8029 230
28534 2882
2457 29
10573 402
9294 310
37693 5030
33280 3916
32408 3713
15510 858
15054 807
19999 1416
23426 1946
12264 539
48161 8206
48348 8266
38292 5191
16376 950
35113 4367
24416 2110
16433 959
8807 278
27007 2583
11296 458
6153 136
38084 5134
15179 820
3332 43
25061 2228
40879 5916
28656 2908
27552 2687
19857 1402
34181 4137
34101 4113
24980 2213
30223 3229
17688 1110
1797 19
29152 3008
25772 2350
41688 6147
30472 3291
40747 5874
19860 1402
21602 1650
18258 1179
