1000
2 394
394 395
395 396
396 397
397 398
398 399
399 400
400 401
401 402
402 403
403 404
404 405
405 406
406 407
407 408
408 409
409 410
410 411
411 412
412 413
413 414
414 415
415 416
416 417
417 418
418 419
419 420
420 421
421 422
422 423
423 424
424 425
425 426
426 427
427 428
428 429
429 430
430 431
431 432
432 433
433 434
434 435
435 436
436 1
3 437
437 438
438 439
439 440
440 441
441 442
442 443
443 444
444 445
445 446
446 447
447 428
4 448
448 449
449 450
450 451
451 452
452 427
5 453
453 454
454 455
455 399
6 456
456 457
457 458
458 459
459 460
460 461
461 462
462 463
463 425
7 464
464 465
465 466
466 467
467 468
468 414
8 469
469 470
470 471
471 472
472 473
473 474
474 475
475 476
476 477
477 478
478 479
479 480
480 481
481 448
9 482
482 483
483 484
484 485
485 486
486 487
487 488
488 489
489 490
490 491
491 492
492 493
493 494
494 495
495 496
496 447
10 497
497 498
498 499
499 500
500 501
501 502
502 419
11 503
503 504
504 488
12 505
505 506
506 507
507 508
508 509
509 510
510 511
511 512
512 513
513 514
514 515
515 516
516 517
517 518
518 428
13 519
519 520
520 521
521 410
14 522
522 523
523 524
524 525
525 526
526 527
527 528
528 492
15 529
529 530
530 531
531 532
532 428
16 533
533 534
534 419
17 535
535 536
536 537
537 538
538 471
18 539
539 540
540 541
541 531
19 534
20 542
542 543
543 544
544 545
545 546
546 547
547 548
548 549
549 550
550 467
21 551
551 552
552 553
553 447
22 554
554 533
23 555
555 452
24 556
556 557
557 558
558 502
25 559
559 452
26 394
27 464
28 560
560 561
561 497
29 562
562 563
563 556
30 564
564 565
565 566
566 567
567 568
568 569
569 570
570 561
31 471
32 571
571 572
572 573
573 574
574 473
33 575
575 576
576 577
577 474
34 578
578 526
35 579
579 580
580 581
581 582
582 583
583 584
584 585
585 586
586 587
587 588
588 589
589 552
36 442
37 590
590 591
591 525
38 592
592 593
593 594
594 456
39 595
595 596
596 545
40 597
597 598
598 599
599 425
41 600
600 601
601 602
602 603
603 498
42 604
604 605
605 606
606 520
43 607
607 572
44 608
608 609
609 610
610 611
611 612
612 613
613 614
614 554
45 610
46 615
615 398
47 616
616 540
48 617
617 485
49 618
618 438
50 511
51 619
619 620
620 621
621 622
622 623
623 624
624 625
625 626
626 627
627 628
628 629
629 630
630 449
52 517
53 631
631 632
632 595
54 633
633 634
634 635
635 451
55 542
56 458
57 636
636 637
637 638
638 639
639 640
640 641
641 642
642 427
58 613
59 643
643 400
60 644
644 645
645 531
61 534
62 646
646 647
647 648
648 649
649 650
650 651
651 551
63 425
64 652
652 653
653 654
654 655
655 579
65 656
656 657
657 658
658 659
659 660
660 419
66 661
661 612
67 662
662 564
68 663
663 664
664 665
665 625
69 666
666 667
667 499
70 668
668 669
669 670
670 671
671 447
71 604
72 672
672 673
673 454
73 674
674 542
74 675
675 676
676 677
677 678
678 679
679 680
680 398
75 681
681 427
76 475
77 682
682 592
78 683
683 490
79 620
80 684
684 685
685 686
686 448
81 479
82 675
83 687
687 430
84 503
85 595
86 688
688 689
689 451
87 690
690 691
691 540
88 692
692 693
693 694
694 542
89 625
90 695
695 696
696 697
697 698
698 699
699 600
91 700
700 531
92 701
701 687
93 583
94 410
95 702
702 628
96 403
97 703
703 704
704 705
705 706
706 692
98 707
707 708
708 492
99 709
709 710
710 402
100 711
711 712
712 713
713 714
714 715
715 716
716 574
101 717
717 718
718 439
102 636
103 719
719 720
720 622
104 721
721 722
722 723
723 569
105 685
106 488
107 626
108 724
724 725
725 726
726 727
727 693
109 728
728 450
110 729
729 730
730 731
731 732
732 724
111 674
112 733
733 734
734 735
735 736
736 737
737 738
738 739
739 740
740 434
113 741
741 537
114 536
115 742
742 643
116 443
117 420
118 743
743 744
744 530
119 745
745 702
120 746
746 545
121 747
747 748
748 749
749 750
750 751
751 685
122 579
123 436
124 752
752 593
125 687
126 753
753 754
754 755
755 736
127 756
756 757
757 758
758 660
128 759
759 700
129 624
130 760
760 708
131 761
761 478
132 403
133 762
762 763
763 764
764 765
765 517
134 635
135 526
136 766
766 767
767 768
768 769
769 770
770 621
137 553
138 736
139 442
140 430
141 419
142 600
143 416
144 771
771 772
772 773
773 617
145 774
774 775
775 776
776 532
146 777
777 778
778 779
779 554
147 780
780 527
148 781
781 455
149 557
150 782
782 783
783 631
151 784
784 785
785 786
786 787
787 768
152 788
788 759
153 703
154 789
789 529
155 790
790 791
791 792
792 793
793 794
794 621
156 593
157 643
158 567
159 579
160 795
795 796
796 797
797 798
798 799
799 498
161 800
800 801
801 427
162 802
802 803
803 804
804 805
805 407
163 401
164 714
165 806
806 586
166 807
807 640
167 808
808 809
809 783
168 810
810 811
811 482
169 812
812 813
813 814
814 550
170 582
171 815
815 437
172 589
173 816
816 817
817 818
818 819
819 660
174 820
820 821
821 746
175 585
176 467
177 734
178 822
822 571
179 823
823 622
180 824
824 668
181 825
825 630
182 767
183 826
826 827
827 828
828 829
829 667
184 830
830 663
185 831
831 832
832 587
186 718
187 833
833 834
834 835
835 836
836 686
188 656
189 837
837 646
190 838
838 501
191 839
839 757
192 840
840 428
193 778
194 841
841 842
842 843
843 819
195 573
196 844
844 845
845 589
197 564
198 552
199 846
846 847
847 771
200 848
848 643
201 462
202 849
849 850
850 773
203 851
851 852
852 496
204 853
853 854
854 804
205 503
206 855
855 744
207 856
856 827
208 600
209 698
210 857
857 828
211 515
212 591
213 858
858 859
859 450
214 860
860 646
215 861
861 430
216 862
862 663
217 863
863 458
218 855
219 416
220 864
864 865
865 866
866 400
221 867
867 868
868 869
869 870
870 871
871 525
222 872
872 462
223 786
224 434
225 456
226 873
873 874
874 875
875 876
876 684
227 830
228 877
877 614
229 539
230 641
231 878
878 436
232 492
233 526
234 879
879 880
880 670
235 881
881 882
882 604
236 883
883 884
884 885
885 820
237 886
886 582
238 887
887 888
888 485
239 471
240 571
241 604
242 889
889 866
243 845
244 890
890 891
891 728
245 586
246 406
247 892
892 893
893 665
248 770
249 788
250 894
894 895
895 896
896 511
251 897
897 898
898 899
899 859
252 900
900 509
253 557
254 565
255 901
901 666
256 674
257 902
902 692
258 770
259 903
903 416
260 904
904 426
261 896
262 729
263 905
905 906
906 463
264 494
265 907
907 908
908 909
909 598
266 910
910 838
267 493
268 684
269 911
911 912
912 590
270 486
271 863
272 413
273 913
913 914
914 915
915 518
274 591
275 916
916 500
276 816
277 614
278 917
917 918
918 919
919 920
920 441
279 669
280 417
281 723
282 687
283 637
284 919
285 921
921 922
922 747
286 409
287 481
288 923
923 596
289 924
924 442
290 561
291 683
292 613
293 925
925 926
926 927
927 928
928 521
294 929
929 476
295 891
296 930
930 783
297 849
298 452
299 931
931 875
300 932
932 427
301 577
302 452
303 933
933 596
304 485
305 456
306 807
307 765
308 934
934 713
309 406
310 935
935 802
311 936
936 937
937 938
938 656
312 571
313 488
314 939
939 763
315 741
316 575
317 940
940 941
941 942
942 943
943 944
944 532
318 480
319 945
945 946
946 947
947 629
320 948
948 657
321 619
322 879
323 764
324 949
949 950
950 951
951 952
952 953
953 897
325 899
326 855
327 483
328 954
954 516
329 790
330 482
331 782
332 878
333 482
334 676
335 955
955 956
956 957
957 958
958 802
336 451
337 413
338 891
339 959
959 654
340 403
341 767
342 488
343 881
344 564
345 720
346 960
960 536
347 961
961 962
962 734
348 592
349 952
350 680
351 963
963 964
964 754
352 965
965 966
966 967
967 721
353 880
354 968
968 450
355 969
969 870
356 570
357 700
358 970
970 736
359 528
360 971
971 972
972 921
361 973
973 974
974 802
362 975
975 514
363 976
976 899
364 868
365 977
977 899
366 651
367 978
978 443
368 979
979 856
369 980
980 446
370 981
981 961
371 936
372 982
982 900
373 983
983 819
374 984
984 700
375 985
985 656
376 986
986 987
987 845
377 547
378 513
379 988
988 989
989 990
990 932
380 401
381 991
991 405
382 395
383 902
384 992
992 894
385 978
386 990
387 993
993 902
388 994
994 430
389 727
390 901
391 995
995 996
996 542
392 555
393 997
997 998
998 999
999 1000
1000 604
