1000
2 414
414 415
415 416
416 417
417 418
418 419
419 420
420 421
421 422
422 423
423 424
424 425
425 426
426 427
427 428
428 429
429 430
430 431
431 432
432 433
433 434
434 1
3 435
435 436
436 437
437 438
438 439
439 440
440 423
4 441
441 442
442 443
443 444
444 445
445 446
446 447
447 448
448 449
449 450
450 451
451 452
452 453
453 454
454 455
455 456
456 457
457 458
458 432
5 459
459 460
460 461
461 462
462 463
463 416
6 464
464 465
465 466
466 467
467 461
7 468
468 436
8 469
469 470
470 471
471 472
472 473
473 419
9 474
474 475
475 476
476 477
477 478
478 479
479 480
480 481
481 482
482 463
10 483
483 484
484 485
485 486
486 478
11 487
487 488
488 489
489 490
490 491
491 481
12 492
492 493
493 494
494 495
495 496
496 497
497 498
498 499
499 500
500 501
501 502
502 503
503 490
13 504
504 505
505 506
506 507
507 508
508 509
509 510
510 511
511 512
512 513
513 514
514 463
14 515
515 460
15 510
16 516
516 517
517 518
518 519
519 520
520 521
521 522
522 523
523 524
524 525
525 526
526 471
17 527
527 528
528 529
529 530
530 531
531 532
532 533
533 534
534 535
535 536
536 537
537 538
538 470
18 539
539 540
540 541
541 542
542 543
543 544
544 545
545 546
546 448
19 457
20 547
547 548
548 549
549 550
550 551
551 552
552 553
553 554
554 491
21 555
555 513
22 556
556 478
23 544
24 557
557 558
558 538
25 559
559 560
560 420
26 561
561 562
562 421
27 563
563 564
564 534
28 565
565 566
566 567
567 568
568 569
569 522
29 570
570 571
571 572
572 561
30 573
573 424
31 533
32 434
33 549
34 574
574 575
575 576
576 577
577 578
578 579
579 430
35 580
580 581
581 574
36 582
582 583
583 558
37 433
38 584
584 585
585 586
586 587
587 588
588 589
589 590
590 591
591 592
592 593
593 594
594 595
595 596
596 597
597 450
39 598
598 599
599 457
40 600
600 585
41 601
601 602
602 603
603 604
604 415
42 422
43 483
44 605
605 484
45 606
606 607
607 608
608 531
46 609
609 610
610 611
611 612
612 593
47 422
48 555
49 613
613 451
50 495
51 610
52 614
614 550
53 615
615 616
616 617
617 618
618 619
619 620
620 621
621 545
54 622
622 623
623 624
624 625
625 626
626 627
627 628
628 467
55 629
629 630
630 564
56 631
631 541
57 632
632 633
633 634
634 635
635 463
58 636
636 637
637 630
59 638
638 639
639 504
60 640
640 641
641 493
61 642
642 633
62 621
63 643
643 644
644 645
645 646
646 578
64 647
647 648
648 649
649 568
65 650
650 598
66 651
651 652
652 653
653 654
654 434
67 655
655 656
656 649
68 657
657 658
658 659
659 660
660 661
661 662
662 663
663 664
664 473
69 437
70 665
665 666
666 667
667 587
71 641
72 668
668 669
669 491
73 670
670 671
671 425
74 672
672 673
673 553
75 674
674 675
675 676
676 677
677 678
678 679
679 435
76 595
77 680
680 491
78 681
681 577
79 682
682 683
683 532
80 684
684 685
685 686
686 602
81 687
687 688
688 689
689 558
82 690
690 691
691 591
83 425
84 692
692 693
693 694
694 509
85 695
695 696
696 697
697 698
698 415
86 467
87 699
699 617
88 645
89 416
90 700
700 701
701 513
91 702
702 525
92 703
703 704
704 690
93 510
94 417
95 705
705 425
96 706
706 707
707 568
97 708
708 709
709 710
710 663
98 711
711 551
99 712
712 713
713 638
100 714
714 715
715 716
716 594
101 717
717 718
718 719
719 720
720 454
102 679
103 721
721 722
722 675
104 723
723 436
105 724
724 444
106 725
725 548
107 726
726 419
108 727
727 505
109 625
110 728
728 474
111 729
729 730
730 731
731 497
112 732
732 623
113 614
114 733
733 657
115 734
734 712
116 694
117 434
118 735
735 645
119 736
736 420
120 737
737 444
121 661
122 513
123 540
124 591
125 738
738 739
739 610
126 557
127 740
740 453
128 741
741 742
742 743
743 744
744 745
745 653
129 746
746 747
747 643
130 748
748 603
131 749
749 750
750 751
751 537
132 752
752 753
753 754
754 755
755 540
133 756
756 757
757 589
134 599
135 753
136 758
758 496
137 541
138 759
759 760
760 761
761 762
762 763
763 764
764 765
765 766
766 767
767 768
768 769
769 770
770 670
139 666
140 771
771 648
141 772
772 773
773 774
774 692
142 775
775 776
776 777
777 560
143 660
144 778
778 779
779 540
145 780
780 781
781 663
146 782
782 783
783 784
784 433
147 785
785 714
148 786
786 580
149 442
150 787
787 772
151 788
788 789
789 679
152 790
790 791
791 792
792 607
153 585
154 793
793 794
794 635
155 795
795 796
796 797
797 584
156 798
798 646
157 647
158 799
799 800
800 801
801 616
159 692
160 802
802 803
803 574
161 804
804 805
805 498
162 806
806 807
807 808
808 809
809 810
810 715
163 811
811 812
812 663
164 813
813 814
814 815
815 816
816 630
165 817
817 632
166 730
167 592
168 818
818 480
169 504
170 729
171 819
819 531
172 820
820 738
173 821
821 788
174 822
822 749
175 777
176 660
177 823
823 566
178 510
179 523
180 496
181 824
824 566
182 825
825 675
183 549
184 826
826 691
185 423
186 827
827 548
187 581
188 772
189 509
190 828
828 780
191 829
829 830
830 831
831 832
832 414
192 805
193 539
194 668
195 518
196 833
833 834
834 769
197 835
835 836
836 837
837 819
198 838
838 839
839 840
840 702
199 841
841 818
200 842
842 454
201 693
202 843
843 557
203 844
844 452
204 845
845 846
846 540
205 534
206 847
847 848
848 597
207 421
208 849
849 814
209 850
850 851
851 852
852 853
853 854
854 605
210 855
855 421
211 822
212 856
856 414
213 857
857 716
214 858
858 440
215 859
859 860
860 642
216 861
861 414
217 862
862 447
218 863
863 864
864 865
865 866
866 867
867 868
868 869
869 870
870 639
219 799
220 791
221 567
222 565
223 552
224 871
871 693
225 872
872 771
226 704
227 774
228 873
873 874
874 875
875 634
229 502
230 876
876 877
877 745
231 878
878 822
232 672
233 517
234 557
235 798
236 879
879 532
237 626
238 880
880 641
239 804
240 881
881 744
241 882
882 814
242 496
243 883
883 572
244 642
245 884
884 879
246 885
885 886
886 741
247 887
887 888
888 837
248 889
889 704
249 688
250 683
251 890
890 545
252 891
891 792
253 802
254 471
255 511
256 766
257 519
258 892
892 461
259 439
260 893
893 894
894 666
261 667
262 895
895 443
263 868
264 896
896 897
897 621
265 748
266 804
267 844
268 638
269 439
270 833
271 898
898 899
899 900
900 540
272 754
273 462
274 512
275 722
276 901
901 902
902 903
903 904
904 623
277 618
278 905
905 906
906 907
907 908
908 909
909 708
279 910
910 911
911 912
912 913
913 475
280 606
281 914
914 915
915 916
916 535
282 735
283 454
284 763
285 917
917 582
286 833
287 918
918 854
288 919
919 711
289 920
920 620
290 598
291 921
921 922
922 923
923 924
924 457
292 844
293 639
294 505
295 715
296 925
925 492
297 926
926 418
298 927
927 669
299 754
300 928
928 929
929 745
301 754
302 930
930 931
931 932
932 436
303 933
933 555
304 702
305 934
934 710
306 874
307 500
308 578
309 762
310 935
935 936
936 690
311 937
937 464
312 510
313 839
314 433
315 938
938 939
939 590
316 940
940 716
317 699
318 430
319 941
941 902
320 942
942 925
321 943
943 944
944 667
322 525
323 729
324 578
325 945
945 946
946 538
326 947
947 854
327 735
328 490
329 726
330 562
331 948
948 949
949 501
332 753
333 950
950 730
334 422
335 951
951 952
952 953
953 472
336 954
954 955
955 956
956 957
957 894
337 671
338 958
958 959
959 960
960 840
339 961
961 461
340 459
341 669
342 962
962 794
343 561
344 963
963 691
345 497
346 939
347 964
964 622
348 832
349 538
350 954
351 821
352 965
965 561
353 966
966 967
967 569
354 968
968 616
355 424
356 581
357 969
969 443
358 635
359 745
360 970
970 971
971 625
361 469
362 972
972 973
973 950
363 712
364 974
974 588
365 975
975 746
366 976
976 861
367 812
368 639
369 887
370 687
371 801
372 699
373 977
977 713
374 978
978 867
375 685
376 626
377 979
979 766
378 980
980 675
379 884
380 467
381 519
382 981
981 982
982 751
383 674
384 436
385 983
983 984
984 985
985 724
386 986
986 633
387 770
388 611
389 987
987 980
390 596
391 463
392 816
393 988
988 626
394 507
395 969
396 989
989 990
990 527
397 831
398 480
399 490
400 930
401 894
402 514
403 573
404 525
405 537
406 991
991 509
407 992
992 941
408 615
409 993
993 994
994 995
995 996
996 586
410 997
997 998
998 542
411 999
999 1000
1000 658
412 541
413 728
