1000
2 666
666 1
3 666
4 666
5 666
6 666
7 666
8 666
9 666
10 666
11 666
12 666
13 666
14 666
15 666
16 666
17 666
18 666
19 666
20 666
21 666
22 666
23 666
24 666
25 666
26 666
27 666
28 666
29 666
30 666
31 666
32 666
33 666
34 666
35 666
36 666
37 666
38 666
39 666
40 666
41 666
42 666
43 666
44 666
45 666
46 666
47 666
48 666
49 666
50 666
51 666
52 666
53 666
54 666
55 666
56 666
57 666
58 666
59 666
60 666
61 666
62 666
63 666
64 666
65 666
66 666
67 666
68 666
69 666
70 666
71 666
72 666
73 666
74 666
75 666
76 666
77 666
78 666
79 666
80 666
81 666
82 666
83 666
84 666
85 666
86 666
87 666
88 666
89 666
90 666
91 666
92 666
93 666
94 666
95 666
96 666
97 666
98 666
99 666
100 666
101 666
102 666
103 666
104 666
105 666
106 666
107 666
108 666
109 666
110 666
111 666
112 666
113 666
114 666
115 666
116 666
117 666
118 666
119 666
120 666
121 666
122 666
123 666
124 666
125 666
126 666
127 666
128 666
129 666
130 666
131 666
132 666
133 666
134 666
135 666
136 666
137 666
138 666
139 666
140 666
141 666
142 666
143 666
144 666
145 666
146 666
147 666
148 666
149 666
150 666
151 666
152 666
153 666
154 666
155 666
156 666
157 666
158 666
159 666
160 666
161 666
162 666
163 666
164 666
165 666
166 666
167 666
168 666
169 666
170 666
171 666
172 666
173 666
174 666
175 666
176 666
177 666
178 666
179 666
180 666
181 666
182 666
183 666
184 666
185 666
186 666
187 666
188 666
189 666
190 666
191 666
192 666
193 666
194 666
195 666
196 666
197 666
198 666
199 666
200 666
201 666
202 666
203 666
204 666
205 666
206 666
207 666
208 666
209 666
210 666
211 666
212 666
213 666
214 666
215 666
216 666
217 666
218 666
219 666
220 666
221 666
222 666
223 666
224 666
225 666
226 666
227 666
228 666
229 666
230 666
231 666
232 666
233 666
234 666
235 666
236 666
237 666
238 666
239 666
240 666
241 666
242 666
243 666
244 666
245 666
246 666
247 666
248 666
249 666
250 666
251 666
252 666
253 666
254 666
255 666
256 666
257 666
258 666
259 666
260 666
261 666
262 666
263 666
264 666
265 666
266 666
267 666
268 666
269 666
270 666
271 666
272 666
273 666
274 666
275 666
276 666
277 666
278 666
279 666
280 666
281 666
282 666
283 666
284 666
285 666
286 666
287 666
288 666
289 666
290 666
291 666
292 666
293 666
294 666
295 666
296 666
297 666
298 666
299 666
300 666
301 666
302 666
303 666
304 666
305 666
306 666
307 666
308 666
309 666
310 666
311 666
312 666
313 666
314 666
315 666
316 666
317 666
318 666
319 666
320 666
321 666
322 666
323 666
324 666
325 666
326 666
327 666
328 666
329 666
330 666
331 666
332 666
333 666
334 667
667 668
668 669
669 670
670 671
671 672
672 673
673 674
674 675
675 676
676 677
677 678
678 679
679 680
680 681
681 682
682 683
683 684
684 685
685 686
686 687
687 688
688 689
689 690
690 691
691 692
692 693
693 694
694 695
695 696
696 697
697 698
698 699
699 700
700 701
701 702
702 703
703 704
704 705
705 706
706 707
707 708
708 709
709 710
710 711
711 712
712 713
713 714
714 715
715 716
716 717
717 718
718 719
719 720
720 721
721 722
722 723
723 724
724 725
725 726
726 727
727 728
728 729
729 730
730 731
731 732
732 733
733 734
734 735
735 736
736 737
737 738
738 739
739 740
740 741
741 742
742 743
743 744
744 745
745 746
746 747
747 748
748 749
749 750
750 751
751 752
752 753
753 754
754 755
755 756
756 757
757 758
758 759
759 760
760 761
761 762
762 763
763 764
764 765
765 766
766 767
767 768
768 769
769 770
770 771
771 772
772 773
773 774
774 775
775 776
776 777
777 778
778 779
779 780
780 781
781 782
782 783
783 784
784 785
785 786
786 787
787 788
788 789
789 790
790 791
791 792
792 793
793 794
794 795
795 796
796 797
797 798
798 799
799 800
800 801
801 802
802 803
803 804
804 805
805 806
806 807
807 808
808 809
809 810
810 811
811 812
812 813
813 814
814 815
815 816
816 817
817 818
818 819
819 820
820 821
821 822
822 823
823 824
824 825
825 826
826 827
827 828
828 829
829 830
830 831
831 832
832 833
833 834
834 835
835 836
836 837
837 838
838 839
839 840
840 841
841 842
842 843
843 844
844 845
845 846
846 847
847 848
848 849
849 850
850 851
851 852
852 853
853 854
854 855
855 856
856 857
857 858
858 859
859 860
860 861
861 862
862 863
863 864
864 865
865 866
866 867
867 868
868 869
869 870
870 871
871 872
872 873
873 874
874 875
875 876
876 877
877 878
878 879
879 880
880 881
881 882
882 883
883 884
884 885
885 886
886 887
887 888
888 889
889 890
890 891
891 892
892 893
893 894
894 895
895 896
896 897
897 898
898 899
899 900
900 901
901 902
902 903
903 904
904 905
905 906
906 907
907 908
908 909
909 910
910 911
911 912
912 913
913 914
914 915
915 916
916 917
917 918
918 919
919 920
920 921
921 922
922 923
923 924
924 925
925 926
926 927
927 928
928 929
929 930
930 931
931 932
932 933
933 934
934 935
935 936
936 937
937 938
938 939
939 940
940 941
941 942
942 943
943 944
944 945
945 946
946 947
947 948
948 949
949 950
950 951
951 952
952 953
953 954
954 955
955 956
956 957
957 958
958 959
959 960
960 961
961 962
962 963
963 964
964 965
965 966
966 967
967 968
968 969
969 970
970 971
971 972
972 973
973 974
974 975
975 976
976 977
977 978
978 979
979 980
980 981
981 982
982 983
983 984
984 985
985 986
986 987
987 988
988 989
989 990
990 991
991 992
992 993
993 994
994 995
995 996
996 997
997 998
998 999
999 1000
1000 666
335 667
336 667
337 667
338 667
339 667
340 667
341 667
342 667
343 667
344 667
345 667
346 667
347 667
348 667
349 667
350 667
351 667
352 667
353 667
354 667
355 667
356 667
357 667
358 667
359 667
360 667
361 667
362 667
363 667
364 667
365 667
366 667
367 667
368 667
369 667
370 667
371 667
372 667
373 667
374 667
375 667
376 667
377 667
378 667
379 667
380 667
381 667
382 667
383 667
384 667
385 667
386 667
387 667
388 667
389 667
390 667
391 667
392 667
393 667
394 667
395 667
396 667
397 667
398 667
399 667
400 667
401 667
402 667
403 667
404 667
405 667
406 667
407 667
408 667
409 667
410 667
411 667
412 667
413 667
414 667
415 667
416 667
417 667
418 667
419 667
420 667
421 667
422 667
423 667
424 667
425 667
426 667
427 667
428 667
429 667
430 667
431 667
432 667
433 667
434 667
435 667
436 667
437 667
438 667
439 667
440 667
441 667
442 667
443 667
444 667
445 667
446 667
447 667
448 667
449 667
450 667
451 667
452 667
453 667
454 667
455 667
456 667
457 667
458 667
459 667
460 667
461 667
462 667
463 667
464 667
465 667
466 667
467 667
468 667
469 667
470 667
471 667
472 667
473 667
474 667
475 667
476 667
477 667
478 667
479 667
480 667
481 667
482 667
483 667
484 667
485 667
486 667
487 667
488 667
489 667
490 667
491 667
492 667
493 667
494 667
495 667
496 667
497 667
498 667
499 667
500 667
501 667
502 667
503 667
504 667
505 667
506 667
507 667
508 667
509 667
510 667
511 667
512 667
513 667
514 667
515 667
516 667
517 667
518 667
519 667
520 667
521 667
522 667
523 667
524 667
525 667
526 667
527 667
528 667
529 667
530 667
531 667
532 667
533 667
534 667
535 667
536 667
537 667
538 667
539 667
540 667
541 667
542 667
543 667
544 667
545 667
546 667
547 667
548 667
549 667
550 667
551 667
552 667
553 667
554 667
555 667
556 667
557 667
558 667
559 667
560 667
561 667
562 667
563 667
564 667
565 667
566 667
567 667
568 667
569 667
570 667
571 667
572 667
573 667
574 667
575 667
576 667
577 667
578 667
579 667
580 667
581 667
582 667
583 667
584 667
585 667
586 667
587 667
588 667
589 667
590 667
591 667
592 667
593 667
594 667
595 667
596 667
597 667
598 667
599 667
600 667
601 667
602 667
603 667
604 667
605 667
606 667
607 667
608 667
609 667
610 667
611 667
612 667
613 667
614 667
615 667
616 667
617 667
618 667
619 667
620 667
621 667
622 667
623 667
624 667
625 667
626 667
627 667
628 667
629 667
630 667
631 667
632 667
633 667
634 667
635 667
636 667
637 667
638 667
639 667
640 667
641 667
642 667
643 667
644 667
645 667
646 667
647 667
648 667
649 667
650 667
651 667
652 667
653 667
654 667
655 667
656 667
657 667
658 667
659 667
660 667
661 667
662 667
663 667
664 667
665 667
