1000
2 519
519 520
520 521
521 522
522 523
523 1
3 524
524 525
525 526
526 519
4 527
527 528
528 529
529 522
5 530
530 531
531 526
6 532
532 529
7 533
533 534
534 529
8 535
535 536
536 537
537 538
538 539
539 522
9 540
540 541
541 542
542 543
543 544
544 521
10 532
11 545
545 546
546 547
547 521
12 548
548 549
549 550
550 532
13 551
551 552
552 534
14 553
553 525
15 554
554 555
555 538
16 535
17 556
556 557
557 555
18 558
558 559
559 560
560 543
19 561
561 562
562 522
20 563
563 544
21 560
22 564
564 565
565 543
23 566
566 567
567 539
24 568
568 569
569 524
25 570
570 571
571 549
26 572
572 573
573 539
27 574
574 530
28 575
575 541
29 576
576 577
577 578
578 527
30 579
579 580
580 581
581 582
582 547
31 583
583 584
584 585
585 525
32 586
586 555
33 587
587 588
588 589
589 557
34 577
35 590
590 591
591 592
592 567
36 570
37 583
38 593
593 594
594 595
595 539
39 520
40 540
41 570
42 594
43 596
596 544
44 597
597 598
598 599
599 568
45 600
600 601
601 523
46 586
47 602
602 546
48 603
603 585
49 548
50 604
604 574
51 605
605 602
52 606
606 523
53 607
607 608
608 542
54 609
609 610
610 536
55 559
56 611
611 612
612 571
57 613
613 534
58 614
614 615
615 608
59 616
616 617
617 550
60 618
618 523
61 606
62 551
63 549
64 548
65 619
619 542
66 585
67 552
68 620
620 531
69 621
621 536
70 622
622 623
623 624
624 625
625 520
71 602
72 626
626 559
73 627
627 628
628 550
74 629
629 563
75 589
76 560
77 630
630 631
631 539
78 632
632 633
633 537
79 634
634 635
635 546
80 636
636 633
81 637
637 638
638 525
82 639
639 640
640 572
83 641
641 642
642 563
84 643
643 644
644 645
645 555
85 642
86 646
646 647
647 648
648 649
649 606
87 535
88 650
650 651
651 521
89 652
652 546
90 590
91 653
653 569
92 654
654 522
93 544
94 655
655 639
95 656
656 657
657 658
658 659
659 530
96 660
660 635
97 661
661 662
662 663
663 664
664 539
98 588
99 665
665 666
666 667
667 619
100 668
668 669
669 670
670 577
101 671
671 672
672 573
102 673
673 674
674 567
103 675
675 676
676 677
677 534
104 596
105 678
678 679
679 680
680 631
106 634
107 608
108 681
681 548
109 575
110 682
682 683
683 684
684 685
685 686
686 550
111 530
112 650
113 681
114 687
687 539
115 599
116 529
117 609
118 688
688 689
689 644
119 690
690 580
120 691
691 530
121 543
122 692
692 582
123 693
693 694
694 575
124 672
125 695
695 696
696 574
126 697
697 654
127 611
128 529
129 698
698 699
699 527
130 597
131 700
700 701
701 686
132 702
702 703
703 704
704 664
133 681
134 705
705 706
706 612
135 707
707 708
708 586
136 709
709 710
710 520
137 711
711 712
712 631
138 713
713 674
139 621
140 571
141 714
714 652
142 700
143 715
715 716
716 561
144 717
717 520
145 718
718 644
146 678
147 589
148 698
149 719
719 720
720 628
150 568
151 699
152 721
721 722
722 558
153 578
154 723
723 724
724 725
725 547
155 726
726 599
156 727
727 646
157 728
728 560
158 727
159 729
729 529
160 730
730 731
731 581
161 732
732 612
162 585
163 703
164 733
733 734
734 727
165 557
166 735
735 548
167 736
736 668
168 663
169 558
170 737
737 546
171 738
738 566
172 739
739 702
173 740
740 741
741 628
174 742
742 574
175 743
743 674
176 744
744 745
745 746
746 747
747 644
177 748
748 562
178 749
749 731
179 539
180 750
750 540
181 565
182 751
751 624
183 741
184 752
752 606
185 753
753 588
186 754
754 755
755 617
187 740
188 756
756 601
189 617
190 629
191 757
757 758
758 759
759 711
192 760
760 613
193 543
194 561
195 761
761 762
762 618
196 763
763 764
764 558
197 765
765 766
766 758
198 767
767 768
768 716
199 563
200 769
769 689
201 571
202 557
203 725
204 770
770 661
205 669
206 771
771 574
207 772
772 532
208 532
209 562
210 773
773 560
211 698
212 774
774 566
213 774
214 751
215 775
775 540
216 776
776 777
777 565
217 546
218 778
778 701
219 779
779 636
220 539
221 761
222 748
223 780
780 781
781 548
224 782
782 561
225 783
783 632
226 784
784 785
785 567
227 709
228 580
229 786
786 537
230 519
231 787
787 562
232 680
233 788
788 789
789 790
790 720
234 595
235 791
791 656
236 792
792 699
237 793
793 652
238 794
794 758
239 757
240 538
241 743
242 606
243 633
244 795
795 696
245 754
246 796
796 784
247 797
797 636
248 798
798 539
249 799
799 800
800 677
250 547
251 801
801 802
802 787
252 602
253 803
803 593
254 804
804 805
805 731
255 806
806 532
256 743
257 690
258 692
259 551
260 807
807 594
261 808
808 759
262 809
809 810
810 607
263 811
811 520
264 812
812 813
813 623
265 685
266 731
267 810
268 714
269 814
814 692
270 639
271 520
272 815
815 786
273 816
816 619
274 817
817 818
818 742
275 560
276 819
819 594
277 807
278 709
279 659
280 820
820 566
281 821
821 822
822 537
282 823
823 585
283 824
824 825
825 648
284 826
826 673
285 786
286 827
827 717
287 568
288 786
289 828
828 528
290 829
829 698
291 701
292 830
830 831
831 832
832 833
833 538
293 834
834 674
294 835
835 836
836 638
295 837
837 760
296 838
838 839
839 591
297 747
298 840
840 841
841 596
299 842
842 775
300 843
843 703
301 659
302 844
844 762
303 683
304 845
845 846
846 816
305 825
306 847
847 551
307 848
848 534
308 849
849 557
309 696
310 850
850 525
311 851
851 712
312 852
852 853
853 613
313 854
854 855
855 603
314 856
856 857
857 858
858 728
315 623
316 602
317 854
318 806
319 859
859 860
860 522
320 861
861 657
321 733
322 792
323 862
862 574
324 772
325 759
326 755
327 863
863 639
328 864
864 865
865 747
329 866
866 867
867 630
330 868
868 702
331 869
869 599
332 565
333 807
334 864
335 870
870 583
336 871
871 656
337 872
872 756
338 608
339 873
873 798
340 874
874 759
341 782
342 693
343 875
875 746
344 876
876 643
345 877
877 627
346 759
347 878
878 716
348 653
349 665
350 879
879 874
351 830
352 880
880 638
353 832
354 881
881 644
355 617
356 581
357 882
882 627
358 712
359 784
360 883
883 669
361 695
362 842
363 815
364 884
884 885
885 558
365 820
366 631
367 886
886 591
368 525
369 727
370 887
887 579
371 778
372 888
888 656
373 889
889 687
374 835
375 890
890 891
891 787
376 853
377 856
378 681
379 845
380 892
892 893
893 730
381 829
382 887
383 817
384 856
385 825
386 894
894 895
895 896
896 897
897 850
387 898
898 899
899 644
388 711
389 900
900 588
390 901
901 902
902 565
391 903
903 536
392 904
904 905
905 906
906 907
907 530
393 908
908 624
394 909
909 666
395 910
910 724
396 717
397 871
398 911
911 580
399 912
912 551
400 578
401 913
913 656
402 914
914 810
403 915
915 650
404 916
916 686
405 565
406 711
407 856
408 917
917 918
918 544
409 531
410 802
411 887
412 919
919 856
413 920
920 542
414 895
415 575
416 583
417 921
921 922
922 923
923 527
418 838
419 924
924 571
420 925
925 704
421 750
422 890
423 926
926 764
424 549
425 867
426 822
427 927
927 928
928 735
428 929
929 703
429 930
930 931
931 932
932 686
430 933
933 934
934 523
431 862
432 892
433 935
935 907
434 752
435 662
436 936
936 695
437 816
438 937
937 647
439 811
440 938
938 932
441 939
939 787
442 940
940 748
443 941
941 942
942 559
444 919
445 542
446 832
447 943
943 829
448 944
944 945
945 946
946 533
449 947
947 652
450 665
451 539
452 948
948 755
453 949
949 950
950 751
454 817
455 951
951 952
952 953
953 625
456 632
457 954
954 955
955 956
956 957
957 652
458 958
958 786
459 959
959 960
960 674
460 723
461 961
961 957
462 962
962 733
463 683
464 963
963 964
964 604
465 637
466 767
467 741
468 965
965 756
469 966
966 579
470 708
471 967
967 968
968 595
472 924
473 733
474 969
969 970
970 772
475 971
971 862
476 751
477 972
972 877
478 973
973 818
479 974
974 975
975 848
480 976
976 660
481 714
482 859
483 660
484 536
485 977
977 533
486 978
978 541
487 979
979 629
488 980
980 768
489 791
490 981
981 533
491 674
492 871
493 905
494 982
982 842
495 711
496 983
983 752
497 529
498 961
499 738
500 587
501 744
502 984
984 596
503 861
504 985
985 727
505 884
506 986
986 771
507 987
987 867
508 988
988 989
989 639
509 606
510 847
511 990
990 792
512 991
991 992
992 993
993 994
994 585
513 995
995 996
996 641
514 894
515 997
997 612
516 998
998 859
517 999
999 1000
1000 932
518 933
