1000
2 970
970 1
3 971
971 972
972 970
4 972
5 970
6 970
7 973
973 972
8 973
9 974
974 972
10 974
11 974
12 970
13 973
14 971
15 973
16 974
17 974
18 975
975 972
19 973
20 975
21 970
22 974
23 973
24 970
25 975
26 973
27 971
28 976
976 972
29 975
30 975
31 976
32 975
33 975
34 975
35 976
36 970
37 974
38 977
977 970
39 970
40 976
41 975
42 972
43 970
44 976
45 975
46 974
47 977
48 976
49 971
50 975
51 978
978 970
52 970
53 972
54 971
55 975
56 973
57 976
58 972
59 973
60 974
61 976
62 974
63 970
64 975
65 978
66 970
67 974
68 975
69 973
70 976
71 978
72 970
73 979
979 970
74 972
75 976
76 970
77 970
78 975
79 972
80 972
81 972
82 977
83 974
84 977
85 978
86 977
87 972
88 974
89 973
90 970
91 972
92 980
980 974
93 980
94 976
95 972
96 976
97 973
98 976
99 973
100 975
101 975
102 978
103 975
104 970
105 979
106 978
107 977
108 974
109 980
110 973
111 977
112 980
113 978
114 977
115 977
116 970
117 973
118 977
119 973
120 980
121 978
122 980
123 973
124 974
125 972
126 977
127 973
128 981
981 970
129 974
130 981
131 980
132 974
133 973
134 980
135 970
136 979
137 975
138 970
139 977
140 971
141 982
982 970
142 982
143 972
144 982
145 980
146 980
147 973
148 980
149 981
150 971
151 971
152 972
153 978
154 975
155 981
156 973
157 982
158 981
159 979
160 980
161 978
162 972
163 972
164 982
165 974
166 977
167 979
168 975
169 978
170 983
983 972
171 980
172 972
173 981
174 978
175 979
176 972
177 972
178 980
179 981
180 979
181 983
182 977
183 983
184 977
185 979
186 970
187 979
188 979
189 973
190 980
191 973
192 974
193 978
194 977
195 981
196 980
197 980
198 977
199 980
200 980
201 979
202 971
203 974
204 975
205 980
206 971
207 975
208 976
209 982
210 978
211 979
212 981
213 972
214 971
215 975
216 974
217 983
218 981
219 984
984 970
220 982
221 973
222 980
223 978
224 970
225 982
226 974
227 982
228 978
229 974
230 979
231 976
232 983
233 979
234 978
235 972
236 985
985 970
237 972
238 976
239 980
240 982
241 978
242 974
243 976
244 976
245 972
246 974
247 977
248 985
249 984
250 975
251 985
252 982
253 974
254 984
255 980
256 977
257 979
258 974
259 983
260 986
986 974
261 985
262 982
263 973
264 982
265 974
266 985
267 981
268 970
269 975
270 975
271 972
272 984
273 982
274 979
275 985
276 986
277 983
278 979
279 976
280 985
281 982
282 977
283 981
284 984
285 985
286 978
287 984
288 984
289 977
290 978
291 976
292 980
293 973
294 978
295 976
296 980
297 983
298 973
299 987
987 972
300 976
301 980
302 971
303 983
304 971
305 970
306 971
307 972
308 987
309 986
310 979
311 975
312 973
313 976
314 978
315 979
316 973
317 972
318 975
319 984
320 984
321 970
322 971
323 970
324 987
325 975
326 974
327 980
328 972
329 981
330 984
331 980
332 973
333 974
334 981
335 976
336 972
337 986
338 986
339 983
340 988
988 974
341 988
342 972
343 972
344 973
345 984
346 972
347 985
348 979
349 984
350 980
351 971
352 977
353 974
354 981
355 982
356 987
357 973
358 982
359 977
360 980
361 988
362 986
363 974
364 980
365 986
366 986
367 973
368 975
369 980
370 984
371 981
372 978
373 988
374 976
375 971
376 988
377 973
378 978
379 983
380 980
381 975
382 986
383 981
384 982
385 972
386 975
387 973
388 982
389 985
390 978
391 974
392 983
393 987
394 987
395 979
396 972
397 977
398 972
399 987
400 984
401 983
402 987
403 982
404 989
989 974
405 972
406 987
407 979
408 982
409 977
410 974
411 980
412 985
413 975
414 975
415 988
416 990
990 970
417 987
418 974
419 983
420 985
421 972
422 986
423 985
424 976
425 988
426 971
427 989
428 976
429 986
430 974
431 971
432 990
433 988
434 974
435 988
436 977
437 985
438 978
439 988
440 971
441 979
442 977
443 980
444 973
445 979
446 984
447 973
448 985
449 982
450 971
451 975
452 985
453 987
454 976
455 973
456 979
457 970
458 979
459 990
460 983
461 970
462 980
463 971
464 989
465 991
991 970
466 979
467 990
468 991
469 979
470 988
471 973
472 985
473 979
474 991
475 988
476 987
477 977
478 976
479 980
480 978
481 972
482 979
483 987
484 983
485 974
486 987
487 988
488 970
489 989
490 984
491 989
492 989
493 980
494 978
495 985
496 990
497 979
498 983
499 972
500 971
501 984
502 986
503 987
504 977
505 971
506 990
507 976
508 981
509 973
510 988
511 990
512 974
513 974
514 991
515 990
516 980
517 975
518 976
519 986
520 983
521 986
522 981
523 985
524 986
525 975
526 972
527 991
528 990
529 974
530 988
531 973
532 976
533 977
534 971
535 989
536 974
537 982
538 979
539 991
540 977
541 992
992 975
542 980
543 975
544 982
545 988
546 970
547 986
548 977
549 991
550 973
551 976
552 992
553 976
554 988
555 993
993 972
556 976
557 985
558 987
559 978
560 976
561 984
562 988
563 975
564 985
565 977
566 971
567 981
568 974
569 973
570 990
571 987
572 987
573 972
574 973
575 985
576 976
577 993
578 980
579 977
580 978
581 993
582 973
583 978
584 985
585 984
586 971
587 972
588 979
589 970
590 990
591 992
592 973
593 991
594 989
595 981
596 978
597 993
598 991
599 970
600 974
601 970
602 979
603 994
994 970
604 971
605 970
606 984
607 984
608 973
609 993
610 977
611 982
612 970
613 978
614 984
615 975
616 988
617 992
618 979
619 972
620 993
621 971
622 977
623 980
624 970
625 983
626 991
627 983
628 977
629 977
630 983
631 974
632 986
633 980
634 981
635 973
636 983
637 994
638 986
639 972
640 977
641 992
642 979
643 994
644 991
645 990
646 980
647 973
648 995
995 974
649 983
650 972
651 975
652 978
653 975
654 989
655 981
656 979
657 989
658 992
659 976
660 979
661 992
662 973
663 971
664 977
665 983
666 979
667 992
668 984
669 989
670 970
671 976
672 985
673 979
674 976
675 974
676 971
677 980
678 987
679 989
680 986
681 970
682 973
683 989
684 980
685 976
686 983
687 983
688 970
689 986
690 989
691 994
692 992
693 979
694 990
695 991
696 993
697 974
698 994
699 980
700 978
701 974
702 985
703 984
704 995
705 983
706 977
707 977
708 972
709 976
710 988
711 973
712 994
713 988
714 976
715 993
716 993
717 993
718 992
719 976
720 989
721 972
722 980
723 988
724 980
725 988
726 979
727 995
728 994
729 988
730 994
731 989
732 976
733 979
734 982
735 996
996 971
736 987
737 984
738 977
739 977
740 979
741 976
742 996
743 983
744 971
745 975
746 980
747 983
748 977
749 986
750 971
751 986
752 980
753 992
754 986
755 992
756 993
757 973
758 984
759 986
760 989
761 972
762 990
763 981
764 990
765 974
766 986
767 979
768 983
769 989
770 986
771 992
772 991
773 970
774 974
775 971
776 988
777 980
778 982
779 985
780 975
781 995
782 982
783 997
997 970
784 993
785 988
786 987
787 984
788 971
789 984
790 987
791 983
792 992
793 992
794 987
795 976
796 986
797 970
798 981
799 976
800 988
801 989
802 985
803 983
804 995
805 981
806 979
807 988
808 994
809 997
810 992
811 986
812 972
813 984
814 990
815 981
816 992
817 977
818 982
819 970
820 998
998 970
821 992
822 974
823 982
824 984
825 975
826 973
827 977
828 982
829 998
830 971
831 993
832 978
833 972
834 977
835 974
836 989
837 992
838 984
839 988
840 973
841 979
842 984
843 971
844 978
845 992
846 974
847 989
848 990
849 993
850 989
851 992
852 972
853 970
854 980
855 997
856 983
857 991
858 976
859 988
860 979
861 995
862 975
863 994
864 970
865 975
866 993
867 974
868 997
869 994
870 982
871 973
872 975
873 980
874 973
875 990
876 994
877 980
878 990
879 996
880 977
881 998
882 992
883 996
884 977
885 999
999 970
886 996
887 984
888 993
889 987
890 982
891 993
892 982
893 977
894 991
895 972
896 972
897 970
898 972
899 982
900 978
901 981
902 986
903 992
904 992
905 974
906 982
907 979
908 970
909 980
910 994
911 983
912 970
913 980
914 976
915 977
916 971
917 980
918 980
919 976
920 971
921 973
922 977
923 995
924 988
925 979
926 976
927 977
928 988
929 974
930 974
931 985
932 976
933 976
934 976
935 973
936 971
937 975
938 978
939 999
940 987
941 998
942 993
943 982
944 979
945 980
946 994
947 988
948 970
949 993
950 985
951 974
952 980
953 974
954 993
955 980
956 971
957 979
958 978
959 979
960 987
961 986
962 1000
1000 974
963 982
964 996
965 977
966 970
967 988
968 994
969 999
