1000
2 594
594 595
595 596
596 597
597 1
3 598
598 599
599 596
4 600
600 599
5 601
601 602
602 603
603 596
6 604
604 605
605 595
7 606
606 607
607 608
608 596
8 609
609 594
9 610
610 611
611 612
612 597
10 613
613 614
614 594
11 615
615 616
616 599
12 617
617 598
13 618
618 619
619 620
620 595
14 621
621 622
622 602
15 623
623 619
16 624
624 625
625 602
17 626
626 627
627 628
628 629
629 597
18 621
19 630
630 631
631 632
632 620
20 633
633 634
634 635
635 594
21 636
636 609
22 637
637 601
23 638
638 634
24 636
25 639
639 627
26 640
640 641
641 625
27 642
642 643
643 644
644 605
28 645
645 646
646 647
647 608
29 648
648 646
30 649
649 650
650 651
651 612
31 652
652 653
653 654
654 594
32 655
655 615
33 656
656 657
657 658
658 629
34 656
35 659
659 634
36 660
660 627
37 661
661 662
662 632
38 663
663 664
664 611
39 652
40 665
665 666
666 654
41 667
667 641
42 668
668 669
669 644
43 670
670 671
671 600
44 672
672 673
673 619
45 674
674 664
46 670
47 675
675 676
676 632
48 677
677 678
678 679
679 608
49 665
50 667
51 680
680 671
52 681
681 682
682 619
53 683
683 684
684 601
54 648
55 685
685 686
686 647
56 687
687 678
57 680
58 685
59 677
60 688
688 615
61 689
689 673
62 690
690 613
63 680
64 691
691 610
65 692
692 610
66 693
693 694
694 654
67 683
68 636
69 648
70 695
695 696
696 697
697 602
71 670
72 698
698 627
73 683
74 699
699 613
75 649
76 700
700 701
701 644
77 702
702 684
78 700
79 703
703 704
704 662
80 705
705 706
706 707
707 620
81 708
708 641
82 709
709 710
710 625
83 711
711 669
84 712
712 713
713 601
85 712
86 714
714 694
87 683
88 652
89 715
715 716
716 658
90 688
91 708
92 717
717 718
718 625
93 719
719 720
720 662
94 721
721 634
95 722
722 710
96 695
97 723
723 618
98 690
99 692
100 724
724 606
101 725
725 718
102 681
103 726
726 630
104 727
727 728
728 729
729 600
105 730
730 731
731 601
106 683
107 732
732 733
733 734
734 607
108 735
735 736
736 647
109 721
110 652
111 737
737 738
738 619
112 655
113 739
739 740
740 627
114 741
741 610
115 705
116 742
742 743
743 744
744 629
117 745
745 731
118 742
119 746
746 747
747 601
120 721
121 703
122 668
123 748
748 749
749 734
124 717
125 750
750 682
126 751
751 752
752 744
127 703
128 753
753 657
129 750
130 754
754 755
755 651
131 756
756 673
132 757
757 623
133 758
758 657
134 739
135 759
759 623
136 683
137 723
138 760
760 761
761 604
139 762
762 763
763 686
140 764
764 624
141 700
142 765
765 766
766 679
143 675
144 725
145 737
146 723
147 767
767 728
148 768
768 645
149 769
769 761
150 723
151 770
770 701
152 771
771 766
153 714
154 772
772 773
773 664
155 723
156 655
157 774
774 630
158 775
775 733
159 776
776 673
160 777
777 778
778 686
161 779
779 780
780 781
781 782
782 608
162 695
163 715
164 712
165 783
783 763
166 742
167 714
168 784
784 785
785 609
169 786
786 669
170 787
787 788
788 609
171 748
172 789
789 738
173 737
174 790
790 696
175 719
176 791
791 673
177 675
178 792
792 752
179 726
180 762
181 769
182 786
183 793
793 657
184 730
185 794
794 701
186 795
795 640
187 796
796 636
188 797
797 798
798 697
189 721
190 799
799 676
191 800
800 785
192 801
801 761
193 765
194 792
195 802
802 666
196 759
197 723
198 791
199 789
200 723
201 690
202 803
803 636
203 768
204 693
205 754
206 769
207 700
208 804
804 805
805 806
806 807
807 603
209 808
808 809
809 810
810 607
210 811
811 812
812 651
211 813
813 773
212 804
213 814
814 624
214 777
215 690
216 777
217 726
218 795
219 815
815 816
816 641
220 817
817 684
221 817
222 795
223 818
818 660
224 702
225 751
226 819
819 820
820 627
227 821
821 822
822 734
228 823
823 778
229 726
230 824
824 761
231 739
232 797
233 702
234 825
825 692
235 756
236 826
826 638
237 739
238 818
239 827
827 621
240 828
828 829
829 744
241 830
830 684
242 699
243 719
244 831
831 696
245 832
832 833
833 781
246 797
247 834
834 713
248 835
835 694
249 836
836 704
250 813
251 837
837 838
838 839
839 612
252 832
253 840
840 841
841 810
254 690
255 745
256 842
842 689
257 843
843 738
258 717
259 756
260 844
844 845
845 781
261 756
262 846
846 696
263 831
264 847
847 674
265 717
266 836
267 801
268 725
269 848
848 643
270 849
849 682
271 705
272 690
273 739
274 850
850 763
275 851
851 743
276 693
277 852
852 833
278 853
853 854
854 806
279 793
280 821
281 823
282 754
283 855
855 856
856 718
284 857
857 681
285 831
286 842
287 848
288 790
289 858
858 718
290 725
291 792
292 859
859 623
293 860
860 633
294 861
861 761
295 855
296 727
297 835
298 683
299 843
300 862
862 624
301 818
302 863
863 728
303 864
864 865
865 646
304 866
866 778
305 867
867 773
306 868
868 728
307 869
869 650
308 693
309 870
870 822
310 825
311 846
312 730
313 871
871 747
314 872
872 750
315 873
873 630
316 804
317 874
874 626
318 844
319 860
320 875
875 876
876 646
321 803
322 877
877 809
323 769
324 795
325 874
326 878
878 633
327 879
879 880
880 734
328 840
329 866
330 863
331 881
881 709
332 882
882 659
333 883
883 884
884 604
334 762
335 885
885 731
336 793
337 745
338 886
886 887
887 664
339 719
340 867
341 842
342 819
343 888
888 887
344 836
345 889
889 674
346 813
347 890
890 816
348 784
349 891
891 854
350 762
351 726
352 873
353 818
354 892
892 833
355 893
893 841
356 888
357 823
358 892
359 894
894 785
360 895
895 663
361 893
362 859
363 866
364 836
365 714
366 882
367 896
896 708
368 779
369 897
897 809
370 808
371 815
372 857
373 898
898 732
374 842
375 899
899 740
376 779
377 847
378 825
379 900
900 901
901 646
380 902
902 880
381 897
382 903
903 639
383 904
904 732
384 905
905 640
385 861
386 828
387 906
906 709
388 907
907 798
389 727
390 908
908 854
391 909
909 816
392 910
910 724
393 730
394 911
911 645
395 787
396 867
397 769
398 912
912 721
399 913
913 652
400 890
401 914
914 915
915 766
402 748
403 916
916 681
404 917
917 805
405 890
406 918
918 708
407 857
408 727
409 888
410 748
411 868
412 882
413 825
414 910
415 804
416 881
417 919
919 771
418 768
419 920
920 887
420 921
921 687
421 922
922 854
422 923
923 780
423 840
424 883
425 916
426 924
924 750
427 925
925 645
428 835
429 895
430 920
431 821
432 793
433 926
926 645
434 927
927 626
435 872
436 928
928 623
437 853
438 860
439 819
440 929
929 854
441 930
930 809
442 931
931 932
932 736
443 903
444 912
445 879
446 890
447 933
933 692
448 864
449 934
934 691
450 864
451 935
935 936
936 812
452 916
453 937
937 687
454 904
455 760
456 938
938 640
457 879
458 902
459 931
460 852
461 872
462 939
939 623
463 792
464 844
465 837
466 794
467 940
940 876
468 784
469 847
470 897
471 941
941 638
472 942
942 709
473 943
943 820
474 796
475 908
476 923
477 819
478 944
944 709
479 944
480 945
945 674
481 910
482 946
946 715
483 907
484 886
485 947
947 849
486 914
487 948
948 740
488 949
949 774
489 889
490 944
491 950
950 648
492 951
951 728
493 952
952 688
494 903
495 840
496 953
953 798
497 954
954 712
498 951
499 842
500 873
501 955
955 776
502 913
503 956
956 720
504 826
505 957
957 876
506 958
958 667
507 959
959 960
960 682
508 961
961 751
509 813
510 962
962 652
511 963
963 698
512 911
513 964
964 642
514 958
515 909
516 879
517 951
518 855
519 965
965 759
520 792
521 898
522 913
523 898
524 966
966 967
967 643
525 904
526 968
968 649
527 961
528 938
529 969
969 765
530 912
531 918
532 970
970 936
533 870
534 836
535 971
971 724
536 972
972 663
537 973
973 789
538 974
974 700
539 916
540 975
975 677
541 976
976 712
542 945
543 977
977 789
544 796
545 978
978 749
546 877
547 979
979 980
980 631
548 981
981 982
982 733
549 983
983 663
550 984
984 980
551 972
552 881
553 922
554 913
555 985
985 668
556 971
557 986
986 876
558 987
987 809
559 800
560 874
561 957
562 800
563 965
564 870
565 868
566 978
567 857
568 917
569 878
570 988
988 691
571 875
572 950
573 989
989 715
574 990
990 991
991 812
575 968
576 906
577 847
578 908
579 992
992 638
580 905
581 955
582 993
993 661
583 994
994 693
584 995
995 759
585 996
996 652
586 997
997 668
587 998
998 681
588 928
589 999
999 708
590 957
591 1000
1000 659
592 968
593 961
