1000
2 402
402 403
403 404
404 1
3 405
405 406
406 404
4 407
407 408
408 409
409 406
5 410
410 411
411 412
412 406
6 413
413 414
414 415
415 412
7 413
8 416
416 417
417 418
418 415
9 419
419 420
420 418
10 421
421 413
11 422
422 423
423 424
424 414
12 425
425 426
426 424
13 427
427 428
428 421
14 429
429 430
430 413
15 431
431 419
16 431
17 432
432 433
433 416
18 429
19 432
20 434
434 435
435 429
21 436
436 425
22 437
437 427
23 438
438 431
24 439
439 440
440 441
441 419
25 442
442 437
26 443
443 434
27 444
444 445
445 446
446 429
28 442
29 442
30 447
447 435
31 448
448 449
449 450
450 446
32 451
451 447
33 452
452 453
453 438
34 454
454 445
35 455
455 456
456 450
36 452
37 457
457 458
458 444
38 459
459 460
460 461
461 440
39 462
462 463
463 442
40 457
41 464
464 465
465 456
42 466
466 448
43 467
467 468
468 469
469 440
44 470
470 471
471 472
472 473
473 441
45 474
474 459
46 459
47 475
475 476
476 477
477 478
478 436
48 479
479 455
49 480
480 479
50 481
481 468
51 482
482 483
483 484
484 485
485 486
486 487
487 441
52 488
488 489
489 458
53 490
490 464
54 491
491 492
492 477
55 493
493 494
494 495
495 496
496 478
56 497
497 452
57 498
498 483
58 499
499 497
59 500
500 459
60 501
501 455
61 502
502 501
62 503
503 498
63 504
504 505
505 506
506 507
507 469
64 508
508 488
65 509
509 510
510 511
511 512
512 461
66 513
513 514
514 476
67 515
515 516
516 517
517 465
68 518
518 498
69 519
519 513
70 513
71 520
520 521
521 522
522 512
72 523
523 524
524 467
73 525
525 526
526 479
74 527
527 528
528 474
75 529
529 504
76 530
530 531
531 532
532 533
533 439
77 534
534 535
535 521
78 536
536 537
537 538
538 457
79 539
539 540
540 541
541 484
80 542
542 543
543 514
81 544
544 537
82 536
83 545
545 546
546 547
547 474
84 548
548 549
549 530
85 550
550 551
551 552
552 513
86 553
553 554
554 482
87 555
555 556
556 557
557 528
88 545
89 558
558 557
90 559
559 515
91 560
560 561
561 513
92 562
562 563
563 501
93 551
94 564
564 539
95 565
565 557
96 566
566 567
567 491
97 568
568 558
98 560
99 569
569 570
570 515
100 571
571 572
572 573
573 520
101 574
574 542
102 575
575 558
103 576
576 577
577 578
578 579
579 580
580 477
104 555
105 581
581 582
582 546
106 583
583 584
584 570
107 585
585 586
586 587
587 588
588 589
589 467
108 590
590 591
591 592
592 593
593 482
109 594
594 566
110 595
595 596
596 597
597 516
111 598
598 544
112 599
599 600
600 504
113 566
114 601
601 602
602 502
115 603
603 604
604 605
605 588
116 606
606 607
607 608
608 491
117 601
118 609
609 610
610 611
611 612
612 480
119 613
613 614
614 526
120 571
121 615
615 616
616 617
617 589
122 618
618 619
619 529
123 620
620 621
621 605
124 622
622 623
623 624
624 577
125 625
625 621
126 626
626 627
627 628
628 608
127 629
629 630
630 549
128 631
631 591
129 594
130 632
632 619
131 633
633 634
634 520
132 609
133 635
635 548
134 636
636 637
637 638
638 593
135 639
639 598
136 640
640 591
137 641
641 632
138 642
642 571
139 585
140 643
643 644
644 645
645 646
646 502
141 647
647 648
648 544
142 649
649 620
143 650
650 651
651 652
652 628
144 653
653 633
145 654
654 655
655 656
656 519
146 657
657 658
658 659
659 660
660 544
147 661
661 662
662 663
663 608
148 664
664 665
665 666
666 667
667 612
149 668
668 598
150 669
669 670
670 671
671 527
151 672
672 673
673 663
152 674
674 627
153 675
675 676
676 677
677 526
154 678
678 627
155 679
679 624
156 680
680 681
681 682
682 667
157 683
683 643
158 684
684 685
685 648
159 686
686 687
687 655
160 688
688 627
161 689
689 685
162 690
690 691
691 564
163 692
692 687
164 693
693 615
165 694
694 695
695 696
696 697
697 698
698 699
699 700
700 511
166 701
701 702
702 627
167 703
703 704
704 591
168 705
705 640
169 706
706 707
707 708
708 545
170 709
709 710
710 711
711 573
171 712
712 679
172 713
713 714
714 637
173 715
715 707
174 716
716 640
175 716
176 717
717 626
177 718
718 707
178 692
179 719
719 647
180 720
720 721
721 722
722 615
181 723
723 724
724 688
182 725
725 693
183 720
184 719
185 726
726 727
727 728
728 568
186 729
729 705
187 730
730 640
188 731
731 641
189 732
732 733
733 672
190 705
191 734
734 735
735 736
736 737
737 555
192 738
738 701
193 739
739 740
740 704
194 741
741 724
195 716
196 721
197 742
742 743
743 744
744 745
745 543
198 746
746 706
199 747
747 748
748 647
200 749
749 750
750 722
201 751
751 752
752 753
753 754
754 755
755 756
756 502
202 757
757 758
758 615
203 725
204 759
759 760
760 722
205 761
761 762
762 763
763 595
206 764
764 765
765 766
766 571
207 767
767 626
208 768
768 769
769 679
209 770
770 748
210 771
771 772
772 555
211 773
773 733
212 760
213 774
774 775
775 776
776 777
777 778
778 534
214 764
215 779
779 758
216 757
217 780
780 781
781 782
782 632
218 783
783 784
784 785
785 763
219 723
220 786
786 707
221 787
787 788
788 618
222 789
789 790
790 649
223 791
791 792
792 673
224 793
793 791
225 794
794 795
795 796
796 665
226 789
227 741
228 797
797 798
798 631
229 799
799 800
800 801
801 595
230 802
802 803
803 610
231 804
804 802
232 805
805 806
806 662
233 807
807 808
808 809
809 601
234 802
235 810
810 811
811 641
236 812
812 813
813 740
237 814
814 815
815 792
238 816
816 817
817 818
818 754
239 810
240 807
241 819
819 820
820 821
821 631
242 793
243 822
822 709
244 823
823 824
824 825
825 590
245 826
826 730
246 827
827 733
247 828
828 748
248 829
829 830
830 658
249 831
831 715
250 789
251 832
832 833
833 801
252 826
253 829
254 834
834 689
255 734
256 835
835 836
836 767
257 837
837 838
838 674
258 826
259 839
839 840
840 841
841 766
260 741
261 842
842 732
262 843
843 836
263 844
844 719
264 845
845 846
846 847
847 600
265 848
848 849
849 724
266 850
850 767
267 829
268 851
851 786
269 852
852 853
853 854
854 755
270 855
855 856
856 727
271 857
857 769
272 858
858 859
859 757
273 860
860 861
861 672
274 862
862 863
863 684
275 864
864 865
865 866
866 867
867 868
868 869
869 498
276 870
870 784
277 871
871 735
278 842
279 872
872 791
280 873
873 874
874 875
875 560
281 791
282 876
876 795
283 877
877 878
878 742
284 879
879 769
285 880
880 781
286 768
287 881
881 773
288 882
882 883
883 866
289 884
884 729
290 885
885 886
886 758
291 887
887 888
888 769
292 889
889 890
890 891
891 892
892 893
893 894
894 602
293 895
895 896
896 750
294 897
897 719
295 859
296 898
898 899
899 689
297 900
900 856
298 901
901 759
299 890
300 902
902 903
903 891
301 904
904 802
302 747
303 898
304 746
305 905
905 906
906 757
306 907
907 901
307 908
908 806
308 909
909 715
309 910
910 911
911 785
310 908
311 912
912 913
913 742
312 787
313 914
914 805
314 848
315 885
316 915
915 783
317 916
916 917
917 818
318 835
319 918
918 810
320 919
919 716
321 920
920 921
921 784
322 922
922 725
323 923
923 748
324 876
325 924
924 815
326 925
925 926
926 861
327 927
927 928
928 929
929 930
930 575
328 931
931 730
329 855
330 922
331 932
932 888
332 787
333 933
933 720
334 934
934 935
935 790
335 829
336 936
936 723
337 937
937 938
938 874
338 939
939 812
339 926
340 940
940 941
941 942
942 821
341 774
342 943
943 846
343 944
944 945
945 930
344 946
946 947
947 861
345 948
948 720
346 858
347 902
348 949
949 775
349 812
350 950
950 951
951 674
351 952
952 769
352 953
953 860
353 954
954 955
955 743
354 952
355 956
956 957
957 622
356 958
958 828
357 925
358 959
959 813
359 915
360 960
960 961
961 806
361 814
362 812
363 831
364 829
365 962
962 911
366 927
367 887
368 963
963 964
964 706
369 965
965 741
370 966
966 924
371 967
967 942
372 968
968 822
373 969
969 970
970 971
971 680
374 920
375 972
972 770
376 973
973 974
974 929
377 975
975 836
378 848
379 976
976 977
977 978
978 722
380 979
979 914
381 980
980 815
382 889
383 981
981 780
384 982
982 732
385 980
386 983
983 960
387 984
984 985
985 701
388 918
389 986
986 764
390 858
391 939
392 987
987 729
393 988
988 964
394 989
989 990
990 991
991 992
992 594
395 987
396 876
397 993
993 919
398 994
994 814
399 848
400 995
995 996
996 997
997 998
998 999
999 614
401 1000
1000 734
