1000
2 592
592 593
593 594
594 1
3 595
595 594
4 596
596 592
5 597
597 598
598 593
6 599
599 595
7 600
600 601
601 602
602 593
8 600
9 603
603 604
604 602
10 605
605 599
11 606
606 607
607 596
12 608
608 609
609 601
13 610
610 611
611 612
612 598
14 613
613 600
15 614
614 615
615 604
16 616
616 617
617 618
618 598
17 616
18 619
619 620
620 621
621 595
19 622
622 623
623 621
20 624
624 620
21 625
625 626
626 621
22 627
627 628
628 599
23 629
629 630
630 631
631 595
24 632
632 606
25 632
26 629
27 633
633 634
634 635
635 596
28 636
636 637
637 635
29 638
638 613
30 639
639 640
640 641
641 612
31 642
642 643
643 600
32 644
644 616
33 645
645 640
34 646
646 647
647 600
35 648
648 640
36 646
37 649
649 650
650 651
651 597
38 652
652 653
653 620
39 652
40 654
654 655
655 656
656 631
41 657
657 619
42 658
658 653
43 659
659 660
660 651
44 661
661 622
45 662
662 663
663 623
46 664
664 665
665 666
666 599
47 667
667 624
48 668
668 625
49 669
669 670
670 623
50 668
51 671
671 672
672 666
52 673
673 674
674 606
53 675
675 632
54 675
55 676
676 627
56 675
57 677
677 678
678 606
58 679
679 680
680 681
681 607
59 682
682 683
683 684
684 609
60 685
685 686
686 681
61 687
687 629
62 679
63 688
688 689
689 634
64 690
690 691
691 634
65 692
692 693
693 637
66 694
694 636
67 692
68 695
695 696
696 640
69 695
70 697
697 696
71 698
698 639
72 694
73 699
699 691
74 700
700 696
75 701
701 702
702 613
76 703
703 704
704 608
77 705
705 636
78 706
706 642
79 707
707 708
708 610
80 709
709 710
710 610
81 711
711 645
82 695
83 707
84 712
712 713
713 610
85 705
86 712
87 714
714 710
88 715
715 710
89 716
716 717
717 718
718 611
90 719
719 696
91 712
92 697
93 709
94 697
95 715
96 712
97 720
720 645
98 716
99 707
100 721
721 708
101 719
102 722
722 723
723 650
103 706
104 695
105 720
106 724
724 725
725 613
107 709
108 726
726 638
109 712
110 709
111 727
727 725
112 728
728 638
113 727
114 726
115 729
729 730
730 731
731 732
732 612
116 733
733 725
117 726
118 724
119 734
734 725
120 735
735 736
736 643
121 728
122 737
737 646
123 738
738 648
124 720
125 716
126 711
127 739
739 717
128 737
129 740
740 741
741 616
130 727
131 729
132 719
133 720
134 738
135 740
136 742
742 743
743 643
137 739
138 738
139 716
140 744
744 741
141 716
142 727
143 745
745 746
746 619
144 727
145 727
146 737
147 740
148 747
747 723
149 748
748 730
150 748
151 728
152 749
749 645
153 750
750 751
751 752
752 603
154 753
753 730
155 754
754 649
156 748
157 755
755 649
158 729
159 754
160 756
756 644
161 757
757 758
758 614
162 748
163 759
759 751
164 760
760 761
761 762
762 617
165 763
763 646
166 750
167 764
764 765
765 762
168 729
169 750
170 747
171 748
172 766
766 644
173 767
767 758
174 764
175 740
176 768
768 652
177 769
769 770
770 614
178 767
179 771
771 654
180 772
772 746
181 759
182 750
183 744
184 759
185 763
186 773
773 774
774 775
775 603
187 776
776 654
188 744
189 777
777 778
778 779
779 732
190 745
191 780
780 758
192 781
781 746
193 748
194 757
195 747
196 755
197 773
198 781
199 782
782 774
200 759
201 783
783 784
784 655
202 773
203 768
204 785
785 784
205 786
786 774
206 781
207 787
787 788
788 762
208 776
209 789
789 761
210 773
211 771
212 790
790 788
213 764
214 789
215 791
791 792
792 660
216 793
793 788
217 791
218 786
219 790
220 794
794 795
795 796
796 666
221 793
222 797
797 657
223 798
798 799
799 796
224 798
225 800
800 792
226 768
227 781
228 801
801 802
802 622
229 803
803 765
230 783
231 804
804 784
232 801
233 805
805 659
234 781
235 806
806 802
236 807
807 784
237 769
238 785
239 797
240 768
241 785
242 768
243 781
244 803
245 808
808 809
809 663
246 810
810 809
247 781
248 798
249 801
250 810
251 811
811 751
252 812
812 799
253 798
254 804
255 800
256 803
257 808
258 794
259 794
260 813
813 664
261 794
262 794
263 813
264 801
265 806
266 793
267 814
814 788
268 800
269 810
270 815
815 795
271 798
272 815
273 816
816 788
274 813
275 817
817 818
818 670
276 813
277 814
278 819
819 820
820 627
279 808
280 813
281 821
821 664
282 794
283 822
822 823
823 824
824 623
284 825
825 826
826 622
285 805
286 813
287 810
288 827
827 788
289 828
828 820
290 829
829 802
291 830
830 661
292 827
293 817
294 822
295 825
296 831
831 662
297 832
832 833
833 834
834 626
298 816
299 828
300 835
835 836
836 834
301 813
302 832
303 837
837 664
304 838
838 669
305 839
839 840
840 665
306 839
307 837
308 831
309 841
841 842
842 625
310 810
311 843
843 844
844 845
845 656
312 846
846 847
847 665
313 848
848 661
314 849
849 673
315 850
850 836
316 843
317 843
318 831
319 846
320 851
851 836
321 852
852 844
322 853
853 844
323 846
324 850
325 854
854 855
855 624
326 832
327 856
856 844
328 857
857 677
329 858
858 859
859 625
330 846
331 819
332 860
860 820
333 846
334 861
861 862
862 824
335 863
863 673
336 852
337 838
338 853
339 851
340 864
864 865
865 834
341 849
342 863
343 838
344 866
866 673
345 867
867 677
346 868
868 675
347 868
348 869
869 671
349 825
350 832
351 849
352 846
353 839
354 870
870 859
355 839
356 871
871 844
357 860
358 864
359 867
360 846
361 846
362 850
363 872
872 873
873 627
364 874
874 875
875 876
876 626
365 852
366 877
877 875
367 874
368 878
878 879
879 632
369 871
370 867
371 880
880 676
372 835
373 881
881 675
374 882
882 879
375 881
376 883
883 677
377 884
884 859
378 870
379 870
380 885
885 879
381 886
886 687
382 860
383 860
384 887
887 687
385 849
386 872
387 888
888 873
388 871
389 886
390 889
889 865
391 874
392 889
393 849
394 864
395 890
890 879
396 891
891 879
397 892
892 875
398 852
399 893
893 894
894 627
400 882
401 878
402 877
403 895
895 687
404 893
405 892
406 893
407 880
408 885
409 881
410 896
896 897
897 876
411 867
412 898
898 894
413 884
414 867
415 884
416 887
417 899
899 676
418 877
419 888
420 898
421 881
422 900
900 687
423 901
901 902
902 903
903 904
904 607
424 885
425 905
905 897
426 906
906 879
427 907
907 908
908 909
909 606
428 891
429 874
430 883
431 893
432 910
910 911
911 683
433 870
434 883
435 912
912 913
913 686
436 914
914 915
915 691
437 916
916 917
917 918
918 919
919 607
438 920
920 921
921 678
439 895
440 892
441 922
922 687
442 900
443 906
444 895
445 923
923 924
924 925
925 634
446 926
926 690
447 927
927 915
448 898
449 926
450 898
451 928
928 875
452 929
929 930
930 925
453 905
454 931
931 932
932 632
455 933
933 913
456 898
457 905
458 912
459 934
934 913
460 916
461 935
935 679
462 912
463 936
936 930
464 937
937 938
938 903
465 926
466 928
467 939
939 924
468 933
469 939
470 940
940 902
471 933
472 941
941 915
473 937
474 942
942 943
943 704
475 901
476 944
944 679
477 923
478 939
479 900
480 945
945 679
481 900
482 937
483 946
946 947
947 704
484 900
485 948
948 924
486 949
949 930
487 929
488 901
489 944
490 910
491 950
950 951
951 691
492 939
493 900
494 952
952 690
495 953
953 954
954 683
496 936
497 955
955 915
498 952
499 956
956 957
957 743
500 936
501 936
502 958
958 954
503 952
504 959
959 960
960 691
505 901
506 940
507 910
508 950
509 940
510 961
961 951
511 962
962 954
512 963
963 964
964 903
513 965
965 966
966 967
967 634
514 968
968 969
969 696
515 901
516 970
970 957
517 971
971 715
518 959
519 950
520 916
521 972
972 973
973 974
974 608
522 929
523 942
524 975
975 976
976 909
525 977
977 705
526 946
527 961
528 934
529 963
530 959
531 955
532 978
978 924
533 968
534 979
979 694
535 959
536 939
537 940
538 980
980 943
539 975
540 961
541 981
981 700
542 961
543 982
982 983
983 713
544 984
984 951
545 948
546 950
547 972
548 985
985 983
549 952
550 986
986 943
551 948
552 978
553 972
554 987
987 705
555 961
556 968
557 988
988 989
989 693
558 990
990 697
559 980
560 982
561 991
991 943
562 992
992 973
563 993
993 707
564 958
565 963
566 956
567 942
568 990
569 953
570 994
994 714
571 965
572 948
573 991
574 995
995 969
575 996
996 989
576 993
577 997
997 957
578 959
579 978
580 991
581 959
582 997
583 988
584 994
585 961
586 998
998 999
999 638
587 970
588 982
589 982
590 991
591 1000
1000 707
