1000
2 247
247 248
248 249
249 1
3 250
250 251
251 247
4 252
252 253
253 254
254 250
5 255
255 252
6 256
256 257
257 258
258 255
7 259
259 260
260 261
261 256
8 262
262 263
263 264
264 265
265 259
9 266
266 267
267 268
268 269
269 270
270 271
271 262
10 272
272 273
273 274
274 275
275 276
276 277
277 278
278 279
279 268
11 280
280 272
12 281
281 280
13 282
282 283
283 284
284 281
14 285
285 286
286 287
287 288
288 282
15 289
289 285
16 290
290 291
291 292
292 293
293 289
17 294
294 295
295 296
296 290
18 297
297 298
298 299
299 300
300 294
19 301
301 302
302 303
303 304
304 305
305 306
306 307
307 297
20 308
308 309
309 310
310 311
311 302
21 312
312 313
313 314
314 315
315 316
316 317
317 318
318 319
319 320
320 308
22 321
321 312
23 322
322 323
323 321
24 324
324 325
325 326
326 323
25 327
327 324
26 328
328 329
329 330
330 327
27 331
331 332
332 333
333 334
334 335
335 336
336 329
28 337
337 331
29 338
338 339
339 340
340 341
341 342
342 337
30 343
343 344
344 338
31 345
345 346
346 343
32 347
347 345
33 348
348 349
349 347
34 350
350 351
351 348
35 352
352 353
353 350
36 354
354 355
355 352
37 356
356 354
38 357
357 358
358 356
39 359
359 360
360 361
361 362
362 358
40 363
363 364
364 359
41 365
365 366
366 367
367 368
368 369
369 370
370 371
371 372
372 363
42 373
373 374
374 375
375 376
376 366
43 377
377 378
378 379
379 380
380 381
381 374
44 382
382 383
383 384
384 385
385 386
386 387
387 378
45 388
388 389
389 390
390 391
391 392
392 393
393 394
394 395
395 396
396 383
46 397
397 398
398 388
47 399
399 400
400 401
401 397
48 402
402 403
403 404
404 405
405 406
406 407
407 400
49 408
408 409
409 410
410 411
411 412
412 413
413 414
414 415
415 416
416 402
50 417
417 418
418 408
51 419
419 420
420 421
421 422
422 423
423 418
52 424
424 425
425 426
426 427
427 428
428 429
429 420
53 430
430 431
431 432
432 424
54 433
433 434
434 435
435 436
436 431
55 437
437 438
438 439
439 440
440 441
441 442
442 443
443 444
444 445
445 446
446 434
56 447
447 448
448 437
57 449
449 447
58 450
450 451
451 449
59 452
452 453
453 450
60 454
454 455
455 452
61 456
456 457
457 454
62 458
458 459
459 460
460 456
63 461
461 458
64 462
462 463
463 464
464 461
65 465
465 466
466 467
467 468
468 463
66 469
469 470
470 471
471 472
472 473
473 474
474 465
67 475
475 476
476 470
68 477
477 475
69 478
478 479
479 477
70 480
480 478
71 481
481 482
482 483
483 480
72 484
484 485
485 486
486 487
487 481
73 488
488 489
489 490
490 484
74 491
491 492
492 493
493 494
494 495
495 489
75 496
496 497
497 498
498 499
499 492
76 500
500 501
501 497
77 502
502 503
503 504
504 505
505 500
78 506
506 507
507 508
508 503
79 509
509 510
510 511
511 512
512 507
80 513
513 514
514 515
515 516
516 510
81 517
517 518
518 519
519 513
82 520
520 521
521 517
83 522
522 520
84 523
523 524
524 525
525 526
526 522
85 527
527 528
528 529
529 530
530 531
531 532
532 533
533 534
534 535
535 536
536 525
86 537
537 538
538 539
539 540
540 528
87 541
541 537
88 542
542 541
89 543
543 544
544 545
545 542
90 546
546 547
547 548
548 549
549 544
91 550
550 551
551 552
552 547
92 553
553 554
554 550
93 555
555 556
556 553
94 557
557 555
95 558
558 559
559 557
96 560
560 561
561 562
562 563
563 564
564 565
565 559
97 566
566 567
567 560
98 568
568 569
569 570
570 566
99 571
571 572
572 569
100 573
573 571
101 574
574 575
575 576
576 577
577 578
578 579
579 573
102 580
580 581
581 575
103 582
582 583
583 580
104 584
584 585
585 586
586 582
105 587
587 584
106 588
588 589
589 590
590 591
591 592
592 593
593 594
594 595
595 587
107 596
596 588
108 597
597 598
598 596
109 599
599 600
600 601
601 602
602 603
603 604
604 597
110 605
605 606
606 607
607 599
111 608
608 609
609 605
112 610
610 611
611 612
612 609
113 613
613 610
114 614
614 615
615 616
616 617
617 618
618 619
619 613
115 620
620 621
621 614
116 622
622 620
117 623
623 624
624 625
625 626
626 622
118 627
627 628
628 629
629 630
630 631
631 632
632 625
119 633
633 634
634 635
635 636
636 637
637 628
120 638
638 639
639 640
640 633
121 641
641 642
642 638
122 643
643 644
644 641
123 645
645 643
124 646
646 647
647 648
648 649
649 650
650 645
125 651
651 652
652 653
653 654
654 655
655 656
656 646
126 657
657 658
658 659
659 660
660 652
127 661
661 662
662 663
663 664
664 658
128 665
665 666
666 661
129 667
667 668
668 669
669 665
130 670
670 671
671 672
672 667
131 673
673 674
674 670
132 675
675 676
676 677
677 673
133 678
678 679
679 680
680 681
681 682
682 683
683 676
134 684
684 685
685 686
686 687
687 688
688 689
689 690
690 680
135 691
691 692
692 693
693 694
694 684
136 695
695 696
696 697
697 698
698 699
699 691
137 700
700 701
701 702
702 703
703 697
138 704
704 705
705 700
139 706
706 707
707 704
140 708
708 709
709 710
710 706
141 711
711 712
712 708
142 713
713 714
714 715
715 716
716 711
143 717
717 718
718 719
719 720
720 713
144 721
721 722
722 717
145 723
723 721
146 724
724 725
725 723
147 726
726 727
727 728
728 729
729 724
148 730
730 731
731 732
732 726
149 733
733 734
734 735
735 736
736 730
150 737
737 738
738 733
151 739
739 740
740 741
741 737
152 742
742 743
743 744
744 745
745 740
153 746
746 747
747 748
748 742
154 749
749 750
750 751
751 752
752 753
753 754
754 748
155 755
755 756
756 757
757 758
758 759
759 751
156 760
760 755
157 761
761 762
762 763
763 764
764 765
765 766
766 767
767 760
158 768
768 769
769 770
770 771
771 763
159 772
772 773
773 769
160 774
774 775
775 772
161 776
776 777
777 778
778 775
162 779
779 780
780 777
163 781
781 782
782 783
783 784
784 785
785 779
164 786
786 787
787 788
788 789
789 790
790 783
165 791
791 792
792 786
166 793
793 794
794 791
167 795
795 796
796 797
797 794
168 798
798 799
799 800
800 796
169 801
801 802
802 803
803 804
804 798
170 805
805 806
806 807
807 802
171 808
808 809
809 805
172 810
810 811
811 812
812 813
813 808
173 814
814 815
815 816
816 810
174 817
817 818
818 819
819 815
175 820
820 821
821 817
176 822
822 823
823 820
177 824
824 822
178 825
825 826
826 824
179 827
827 828
828 829
829 830
830 831
831 832
832 825
180 833
833 827
181 834
834 835
835 836
836 833
182 837
837 834
183 838
838 839
839 837
184 840
840 841
841 842
842 843
843 839
185 844
844 845
845 846
846 841
186 847
847 844
187 848
848 849
849 847
188 850
850 851
851 852
852 853
853 849
189 854
854 855
855 850
190 856
856 857
857 858
858 855
191 859
859 860
860 856
192 861
861 862
862 863
863 864
864 865
865 859
193 866
866 867
867 868
868 869
869 861
194 870
870 871
871 872
872 873
873 867
195 874
874 870
196 875
875 876
876 877
877 874
197 878
878 879
879 880
880 881
881 875
198 882
882 878
199 883
883 882
200 884
884 883
201 885
885 886
886 884
202 887
887 888
888 889
889 885
203 890
890 891
891 888
204 892
892 893
893 894
894 895
895 896
896 897
897 898
898 899
899 900
900 901
901 890
205 902
902 903
903 904
904 905
905 906
906 892
206 907
907 908
908 909
909 910
910 911
911 905
207 912
912 907
208 913
913 914
914 915
915 916
916 912
209 917
917 918
918 913
210 919
919 920
920 917
211 921
921 919
212 922
922 923
923 921
213 924
924 925
925 926
926 923
214 927
927 928
928 929
929 930
930 924
215 931
931 932
932 933
933 928
216 934
934 935
935 936
936 931
217 937
937 934
218 938
938 937
219 939
939 940
940 938
220 941
941 942
942 939
221 943
943 944
944 945
945 946
946 941
222 947
947 943
223 948
948 949
949 947
224 950
950 948
225 951
951 952
952 950
226 953
953 954
954 951
227 955
955 956
956 953
228 957
957 958
958 955
229 959
959 960
960 961
961 957
230 962
962 959
231 963
963 962
232 964
964 963
233 965
965 964
234 966
966 967
967 968
968 965
235 969
969 970
970 967
236 971
971 972
972 969
237 973
973 974
974 975
975 976
976 972
238 977
977 978
978 974
239 979
979 977
240 980
980 981
981 979
241 982
982 983
983 980
242 984
984 982
243 985
985 986
986 984
244 987
987 988
988 985
245 989
989 990
990 991
991 992
992 987
246 993
993 994
994 995
995 996
996 997
997 998
998 999
999 1000
1000 992
