1000
5481
9494 611
13832 941
26641 2680
26648 8302
14123 2945
41137 849
31700 142
6502 7340
20968 943
27535 7604
2119 5922
29789 5968
18563 4324
34032 7136
6336 3032
15166 4467
10515 6632
46246 4988
35238 8385
17885 8295
37635 1738
44183 8834
32760 4340
762 7322
34890 5394
49537 3303
21382 509
22342 8442
18422 5632
26801 6713
18173 5710
25735 2832
20300 4798
3179 7429
25258 8310
47337 5152
17132 542
278 895
46721 1192
19716 8378
2461 8206
45577 8808
44113 6061
32700 51
40121 1224
39864 246
46690 526
6753 7245
27697 91
2280 4203
44600 2643
699 5056
35312 3428
13417 353
16405 596
37391 5246
45271 5443
32475 7456
34120 2764
23638 5804
12084 8047
18959 5370
38454 7184
22401 1747
44644 4326
9928 4352
36763 8326
41151 2376
20245 7006
20102 80
27878 4549
7414 7975
39573 3535
28942 4720
39100 3349
32687 2436
21456 3808
752 2147
46635 8138
16688 1737
11910 5162
48000 3090
29843 2797
40199 4475
33223 6563
39017 2444
25372 4176
38074 971
17166 8278
38211 6470
8046 8822
27512 4514
2457 7789
15536 5006
32648 2165
24767 4090
12998 2445
22816 6817
9174 7046
44779 647
19652 2951
34557 386
38330 1734
48866 5855
32603 7996
38476 4663
32594 6163
2509 8536
18648 400
32458 2215
25939 5704
42190 7945
38117 5518
36203 8099
18471 7356
44891 1874
29465 613
49325 1466
27438 8789
34385 1308
36266 5787
6163 8648
24656 5681
23527 4542
2411 6799
2711 6523
28271 2189
18726 6371
1007 2306
33961 4625
29235 4787
49906 7953
9486 1731
9817 2923
26380 6789
37318 639
580 240
8258 3174
34248 5730
10620 7468
33551 57
7567 4003
14622 6432
44614 3725
5913 88
43296 8160
36468 5818
27312 2966
501 375
30831 3854
39519 4718
27064 8254
22327 6045
40568 6705
36388 3133
38239 7797
31745 6622
3809 7404
7981 1228
5147 510
37594 8539
45497 4732
44649 2763
31680 8060
12594 8719
22039 1839
10861 927
41812 1284
3127 5105
37550 5678
40273 6817
33485 4571
19754 5191
756 5020
24516 8656
5008 4542
44683 6571
1168 811
42575 3882
31050 3346
6987 1809
28565 5700
3958 4292
40802 2049
38345 2659
47969 4651
1722 5327
44727 6244
1747 7133
34854 1756
46116 5840
7122 3890
47321 1487
38621 7587
9142 855
42473 2578
17012 3582
13282 3042
43827 8345
24363 6883
26126 1796
10374 7311
7952 897
4700 5121
14397 1735
31265 1894
13634 3404
8376 1749
9316 1712
38115 568
35816 2
17571 5141
6058 3949
7224 3579
20067 4792
12722 336
30757 2568
4648 1264
38487 527
40296 7100
4620 7595
42701 1472
34265 2123
24715 7286
40730 4402
28486 2391
26526 7898
30748 3225
21571 341
40051 1864
11951 4568
35115 4381
34367 1711
3342 8267
17308 7144
16462 7043
28637 2781
12109 7962
21228 7278
42426 7640
4815 330
1878 4416
2680 7845
26118 4050
31911 813
28365 1520
22403 1865
31892 7295
16055 4454
27689 4735
17472 8464
44206 6129
2164 600
38462 5124
22719 2400
9157 2693
26849 6598
25959 734
40914 3101
16024 8791
27318 2478
25507 1398
30163 669
17275 7248
22165 4093
13804 7918
39367 3074
23042 4801
10953 4690
1160 849
16247 3748
47732 8267
22978 1295
31388 338
5890 7622
22175 6823
6103 3283
42651 8038
32138 1948
41700 3472
10785 6508
42505 642
43611 7784
21401 3178
45855 935
2667 1247
46321 2664
49099 4434
40188 5398
36428 3051
4466 5845
41155 8681
33634 5825
33082 3883
43304 4712
1240 7582
7090 6387
20533 1473
19067 1403
41554 8551
19763 393
38616 1174
44418 1173
32173 1306
16778 7444
832 786
33210 10
41882 6589
47100 6858
13570 1116
738 1007
9156 64
6345 2896
30588 7122
25814 4262
29501 3975
29610 3232
27051 1770
36631 820
47608 2487
6085 7331
8719 5993
29829 2421
15774 7730
46388 8063
46139 244
22336 2492
29053 8060
16964 2067
19357 1402
28749 319
48573 1520
23377 6381
1713 7974
43477 2964
18482 4520
21169 3349
3471 2243
37313 4882
20790 4883
8929 7734
46598 6226
48490 2732
12107 7089
40719 4251
40816 1472
48078 8012
40916 8811
15689 3647
11729 437
28142 1082
41851 5452
11958 5737
8117 5979
44344 8381
142 4635
24669 1051
15229 3681
8015 5738
31944 1106
14818 332
33454 3534
31839 5221
34777 5041
27432 7650
35215 458
41107 5397
9331 2016
33621 2360
31623 7754
3621 6924
13488 7789
11736 216
45985 7420
3628 2955
32974 8003
24438 5308
7805 8325
40443 23
29725 3263
9626 4586
8828 3025
16150 7314
10256 5686
47874 7449
40515 3378
47502 1644
16781 6549
11900 8704
33710 269
9836 5533
26292 2790
45361 4729
36547 1697
3075 265
12875 4721
40957 4901
24896 8689
15471 5722
9496 2990
17551 7516
28591 6722
41600 7478
18705 381
47153 4910
19927 2616
44695 1359
2209 4907
26874 3928
6758 6
44193 4433
49980 3404
11434 2429
40178 710
11919 459
10188 3738
24624 1834
30591 8256
13991 3170
45687 6144
13963 1753
9583 483
21829 5417
12233 744
6810 6930
43889 522
32210 6758
12121 1263
34094 5609
33039 3134
28206 3810
34664 8812
30311 2310
3069 4643
17767 186
47975 7220
35011 3423
7473 115
26769 2896
8182 7353
3270 7304
18487 646
15064 1096
4269 1705
18767 1800
36979 3891
23226 330
11867 7620
10518 932
8253 7929
7145 3449
49523 3588
5394 4414
17776 3598
27483 1834
36990 7845
5634 4146
48847 167
6349 3316
38432 5799
9045 5723
36546 4239
4741 2882
38914 8019
2896 377
23186 259
20954 3677
48988 3615
32868 7534
36552 4393
1083 7195
48969 8733
17236 7351
27250 1667
30712 4463
18684 8746
29319 4264
42694 6959
21084 3644
23670 1736
49952 4719
9330 8114
40203 3862
6043 569
24183 8656
15155 8158
10764 4494
41533 5993
46498 2377
9403 4169
46455 5061
20253 6949
18331 1521
19942 167
46701 5734
17301 590
33657 1980
27407 6959
33945 4459
18748 2422
49527 233
47341 981
38659 8551
47562 5573
17462 5117
17780 1979
20061 5918
25527 3676
26190 2390
13820 7859
7655 4928
36789 2608
38029 337
20335 6540
27937 8771
27230 1991
38756 2724
44402 2073
7233 3453
44568 5123
26225 2352
35381 5656
11525 6834
18805 2736
16329 2952
47970 2131
4940 1897
41582 8274
392 1342
44936 1709
46365 7698
35013 1313
40710 6147
14058 2578
6700 7002
37136 807
33526 4277
2647 1850
13902 4552
32827 7316
38957 8484
22951 5871
11439 904
21648 8386
44451 7700
39414 608
35768 3725
29019 3805
29486 1199
1847 6922
49598 7206
25417 2565
29549 3495
5496 3236
2806 5708
21562 4628
21046 7214
35828 7416
4035 6960
48273 1509
33820 7168
46618 6118
37106 7856
44251 1091
19127 1777
32226 341
38611 5740
38856 4396
4507 4337
21816 2521
43907 198
1500 3846
41791 6857
8468 1974
8294 6091
44730 7857
33151 3720
3800 4224
35842 1911
48028 2740
1697 4217
19222 1251
35761 884
27918 1629
9254 6759
7883 3476
20326 6065
7793 4971
31430 4557
8179 8407
41034 84
26567 7364
25730 3576
6297 7300
8289 7145
12491 1813
37160 7014
33381 6131
48810 2124
36685 7685
194 1193
29267 831
49588 6035
11735 2619
9444 4012
11168 3810
33220 3067
32348 3276
38669 3661
49842 1770
49383 1356
19655 1857
28290 1148
45366 494
16611 7069
21105 1860
19111 4952
19932 1474
1354 4674
8335 5852
5078 6388
1236 857
20156 4808
1050 8704
26441 6443
2493 8189
4502 8592
144 8558
32809 5682
33389 4351
4185 956
29035 4535
24421 4775
22090 4257
5161 5644
27479 2058
25866 6196
37373 1880
37282 8193
23019 4493
46906 8094
41610 6282
25715 3816
2079 512
36570 4727
16756 7801
38834 4229
13653 2417
43302 6361
23580 2335
17144 4573
29957 6647
4665 2240
49234 8717
6912 8146
41493 4440
44221 6478
3405 6485
13806 1164
18 1594
26970 3318
28668 7211
44746 2429
5912 2610
20687 840
18438 4376
16202 6073
25784 2291
1541 5991
32451 326
14631 3318
18395 799
34716 3250
5771 8361
34222 8782
36195 3997
6201 8155
10259 7470
23570 4025
6215 784
4976 5592
16734 6120
39630 8175
46149 8416
10828 437
17791 5331
29696 6510
12590 803
33593 3900
20005 7554
38959 2938
28891 921
47780 4372
28403 5565
36604 5873
4684 4692
48923 1790
33688 8713
10194 7763
11233 8787
20878 6467
41708 7620
21886 334
33270 3707
3158 463
31393 6341
9277 4694
32345 6515
45935 2530
10100 2721
31242 3250
26591 745
10699 5569
782 328
5545 4616
40447 5377
21383 836
21269 605
47847 8812
34972 675
1472 6817
43214 4152
46643 403
29968 7962
42582 8736
930 5745
40755 6812
43133 3037
22381 8666
48517 1572
15943 8089
38917 3131
36657 1849
34091 4000
17957 2226
49376 3630
35999 7058
10804 1070
24128 6676
43466 6770
24468 6123
27693 2679
22397 7196
1287 7548
13411 3995
49427 3259
13633 2116
29068 8246
9816 3806
21303 4705
48674 4784
38985 8555
41149 606
9348 3548
17292 7516
41093 1726
14247 4521
19779 5285
9889 957
38366 7541
30840 6635
44504 129
36571 7520
12015 5796
32252 2355
18207 8761
40991 2696
31494 4934
22444 8569
17290 7325
33752 5003
34002 3432
1885 8657
9590 5816
22617 4529
15685 5781
39488 3419
49407 5762
5811 5432
34173 602
39360 2034
43345 7676
287 5587
14689 3398
30986 4695
12620 2691
23616 3912
48621 830
43875 7892
37340 3306
22521 2478
15059 2513
5596 3092
46171 7366
16347 2425
23038 6040
37822 3603
8869 230
34947 1492
3540 7916
20729 6491
7083 4805
24575 6543
5333 4116
41564 998
18003 7651
43347 3192
28846 3841
20471 3257
23205 1310
46636 2721
48169 1636
12922 246
16434 3994
3228 4061
49824 1161
19492 6361
49360 1798
14732 81
10819 6298
34556 2189
11498 4720
34615 7767
649 281
40093 1892
34612 7723
2100 3553
11407 216
49446 5915
19661 7971
41775 3554
44702 4358
11203 8633
49449 4412
29300 2980
45585 7119
15854 2619
2995 6888
27343 544
12137 4973
42997 6565
21871 6195
21070 3405
26912 1299
15569 8631
36537 4366
31457 4857
4275 1983
25135 7594
14621 2175
17174 1622
33541 2967
5978 1478
5945 3878
10495 6164
22624 2153
4852 1896
25156 4686
15539 8671
32537 8517
1176 4287
37019 6819
15217 3087
27803 3447
5425 3403
35403 1112
8867 8
801 1175
42714 46
40396 5633
20668 7832
15355 1969
11167 1926
47065 4722
6765 7836
45583 8538
49085 681
1405 8514
35979 1763
7913 7723
23448 3806
37258 499
34397 217
8794 4282
8221 2690
38953 6478
7640 6152
7203 8612
13461 643
42294 3487
23083 1490
33360 8357
45124 5251
33090 4176
32157 7338
20501 212
41091 3140
41826 7045
25662 5844
33669 115
10746 8604
12081 5837
20606 8525
42992 2721
25082 1465
10034 4127
49308 3604
33262 5994
44971 2890
12981 8155
34151 1468
47588 4246
44633 7678
18092 7597
29167 2295
42360 6547
7928 5821
34356 1291
38911 7817
7920 1412
4234 8401
19957 2913
46161 8816
46561 577
25420 8326
41958 6498
42466 6688
790 1656
24204 5097
36555 4231
24962 781
7595 4525
30702 20
9474 7186
10795 6808
18668 7664
35347 6858
12246 7740
39640 6900
40766 3158
18522 8573
7465 5982
7318 1440
30077 3406
10480 8486
5306 2470
12536 907
40628 3077
33826 6767
6784 23
22166 3745
24697 824
48397 2699
14908 5788
6794 5784
4572 3892
34908 2359
34383 2451
12892 3602
26786 4755
33096 3065
36315 1649
37855 4843
4456 4785
6819 5583
20607 4191
44503 2629
24486 1767
46535 705
26448 5901
18130 6517
20703 3963
7581 1543
47512 2876
2279 5237
35056 2861
28888 4169
4597 2057
42557 675
44646 5005
11797 1090
33542 1809
16009 5076
17628 2881
14889 7601
39023 8125
31541 7695
16898 4557
36219 7366
27118 4371
8500 4586
12284 6094
15706 1393
13126 1688
3720 1477
45467 5916
44530 2645
1373 4337
29063 3815
38228 2274
