1000
5411
32111 5690
3866 756
8221 1502
43092 7609
7028 1240
8444 1558
4747 855
12018 2153
11118 2031
3857 712
14764 2670
32169 5652
43957 7745
49936 8775
9616 1735
897 167
36175 6372
36307 6390
10271 1887
41987 7380
43560 7710
18173 3246
7821 1450
30053 5266
6244 1145
48535 8584
26052 4614
28052 4954
41532 7337
21016 3713
20718 3652
48354 8548
33551 5955
21110 3764
24329 4325
8144 1464
33671 5925
31877 5615
11832 2109
44370 7834
9805 1805
4540 803
43659 7688
31098 5506
37667 6642
17880 3152
19961 3496
4165 747
48739 8545
20301 3573
11024 2016
15157 2687
21815 3860
25213 4420
29988 5300
18994 3404
45805 8104
2657 500
12793 2305
12726 2298
17169 3025
6523 1160
13300 2366
21220 3770
34869 6141
19804 3497
831 174
32738 5782
44300 7795
16375 2906
8742 1531
17295 3066
42138 7445
22133 3928
14334 2515
26724 4734
25392 4451
11710 2118
44821 7893
40417 7116
47892 8415
46437 8144
25948 4630
27345 4806
34617 6067
23807 4170
38510 6804
43457 7635
40756 7219
49720 8752
25699 4568
22334 3967
892 209
25209 4477
10194 1833
49885 8764
6284 1150
47670 8395
45810 8048
22913 4100
24374 4300
23598 4153
13641 2448
22650 4042
46244 8148
37515 6621
40846 7219
16073 2824
42958 7548
3514 688
30100 5296
5179 962
21602 3791
34347 6053
30560 5427
38997 6875
2260 420
23230 4093
42617 7471
47200 8323
27125 4773
19253 3438
29850 5299
35209 6173
24254 4304
19023 3386
6247 1132
16683 2985
45700 8011
19606 3455
6864 1221
28213 4957
12567 2214
49105 8682
45491 8033
44026 7797
15899 2827
30082 5348
41843 7357
49114 8608
1133 236
43274 7638
33858 5939
3891 743
22979 4051
39071 6848
31802 5575
38991 6896
25558 4480
1317 237
31890 5626
24592 4332
20969 3711
48839 8606
12961 2319
44273 7783
29618 5242
21818 3826
47005 8254
48436 8571
46641 8224
16794 2984
26023 4607
33801 5933
10166 1809
34584 6072
19370 3470
14068 2473
5901 1095
46814 8287
25198 4464
47909 8457
41340 7286
4253 790
27911 4955
31159 5472
44130 7745
35116 6170
797 157
26368 4706
15028 2675
49402 8656
11557 2040
17446 3074
47010 8258
9257 1634
44627 7844
2624 522
1806 369
20247 3625
18452 3245
10960 1953
22796 3996
36033 6391
26637 4725
13885 2504
47743 8397
5333 1022
750 200
17431 3116
48689 8598
7231 1336
37792 6664
28596 5094
31093 5520
38125 6730
34255 6070
8110 1501
15358 2700
2987 543
31284 5515
47096 8278
35768 6324
26906 4719
6141 1137
43653 7707
37459 6580
22862 4067
49325 8698
23815 4228
2374 438
42087 7389
30423 5383
14025 2473
16504 2905
39265 6947
31866 5598
16721 2956
642 180
20273 3635
23296 4161
32126 5643
21792 3905
25942 4587
38869 6882
43286 7596
47167 8287
42143 7432
37189 6550
39840 6984
4189 802
17512 3084
46433 8173
19173 3372
16968 3008
26911 4748
32173 5700
4323 792
45856 8099
8875 1640
40360 7149
36970 6537
14667 2617
24782 4403
4559 853
2387 504
21856 3865
4860 893
46277 8182
16727 2979
28046 4916
19010 3355
18169 3266
10512 1928
17694 3124
29358 5222
35965 6367
26578 4744
33042 5855
40686 7194
9475 1696
48945 8642
2195 391
24571 4357
34348 6094
31807 5633
10178 1835
35311 6234
30025 5278
16527 2983
8820 1553
9347 1645
12604 2237
21721 3858
36901 6485
33261 5858
25770 4523
4310 815
40738 7222
8454 1492
23160 4077
23397 4142
34064 5985
29169 5175
31290 5517
47268 8360
5589 997
48081 8463
15073 2687
20935 3692
8512 1504
2685 507
24050 4301
19346 3427
829 188
26925 4733
39433 6970
46956 8234
14952 2623
46998 8233
20972 3736
32973 5792
38095 6693
29021 5127
36311 6448
25882 4600
40583 7118
30848 5448
42311 7431
13288 2401
12343 2212
12239 2227
13348 2341
22338 3989
19138 3431
42992 7573
1079 251
23813 4187
33420 5910
44233 7796
15659 2794
19094 3359
4888 874
22637 3983
34320 6019
22072 3934
17676 3176
31836 5633
34790 6094
14888 2671
23944 4208
16662 2977
45938 8072
43796 7700
44517 7860
43388 7634
24025 4226
10980 1941
14820 2667
45954 8072
18057 3250
43728 7670
28920 5093
13034 2364
825 193
1031 235
39943 7010
25738 4541
33372 5875
45833 8085
21567 3858
43152 7622
4901 927
30251 5334
35361 6224
34420 6047
2189 446
41769 7366
2937 526
22163 3915
26226 4664
48974 8612
35989 6377
24145 4284
5462 966
33126 5847
3589 648
23858 4187
36140 6341
12745 2318
34644 6085
39065 6874
34082 6017
22221 3948
35542 6266
40470 7135
18310 3246
46102 8115
15711 2799
15301 2683
46834 8250
46170 8112
4550 846
32643 5736
36128 6416
36878 6492
47965 8447
11232 1989
23337 4108
38960 6835
12694 2291
38619 6794
19547 3469
30202 5330
5165 930
27665 4885
12460 2248
11196 1980
8460 1524
19381 3465
31811 5657
20293 3603
15268 2728
34548 6121
26179 4612
9813 1800
33021 5807
38980 6845
33373 5856
1502 351
3740 666
37455 6565
4744 897
38820 6849
47607 8424
28962 5094
6251 1148
3699 666
40764 7215
5361 1022
24899 4388
1695 345
28642 5079
48356 8514
46134 8158
43077 7588
14507 2549
36670 6508
12440 2240
41778 7349
29056 5138
34532 6105
25616 4491
45960 8073
46090 8109
22455 4012
40893 7190
28100 4924
48615 8547
13814 2425
26141 4582
32513 5710
26088 4581
10464 1914
10289 1837
33980 5977
11655 2080
17506 3093
15778 2796
34213 6011
37474 6634
29526 5178
31950 5672
40153 7112
5266 939
35827 6329
5578 989
31537 5542
35772 6282
24577 4387
5183 938
47935 8460
37986 6713
12518 2220
1295 226
45034 7937
8780 1582
25103 4464
4231 777
21686 3809
19269 3401
25939 4577
31595 5589
30305 5324
19630 3523
17993 3169
48903 8593
38178 6753
2301 485
2406 480
2436 432
24373 4287
41291 7305
5150 904
47852 8461
47578 8365
29711 5263
18584 3324
21655 3876
44857 7898
36819 6517
26117 4612
27302 4801
41465 7303
41879 7341
26739 4765
13077 2352
15409 2751
44608 7878
49223 8700
7030 1286
32775 5749
45973 8094
7347 1373
10938 1934
11965 2121
9640 1700
20655 3624
21515 3842
2531 500
11103 2028
49967 8762
47700 8423
44003 7727
43620 7665
24047 4276
24098 4266
15292 2704
25359 4507
11121 1996
39200 6946
10038 1798
8743 1584
3710 733
35634 6311
2696 499
20078 3565
11801 2093
48732 8567
46620 8235
37609 6599
8251 1504
6898 1263
45649 8039
20380 3602
42675 7498
48149 8469
24248 4282
20284 3600
9977 1789
15020 2670
33344 5848
42586 7507
49917 8805
22464 3953
28029 4916
49436 8675
23264 4110
33444 5934
37853 6670
9464 1669
46695 8239
996 196
48771 8587
43478 7635
41488 7295
42671 7521
22582 4024
19789 3469
23889 4206
49882 8787
31671 5611
2058 412
5334 999
33131 5877
48332 8484
15921 2846
36060 6331
14887 2657
718 141
48128 8436
33875 5942
19846 3526
33555 5952
476 141
47258 8322
34841 6183
37154 6513
20696 3707
19225 3374
23039 4093
27656 4892
29603 5230
4273 814
44936 7889
24296 4279
32461 5692
32018 5627
7993 1486
30371 5381
13266 2385
38988 6837
37568 6600
19553 3435
10795 1933
42930 7592
15135 2652
48936 8578
47196 8270
48452 8551
44512 7839
25739 4552
42800 7570
28049 4941
23071 4075
6231 1127
10181 1794
17207 3068
46503 8190
26222 4596
43453 7617
33572 5918
6327 1136
41459 7340
6691 1232
23893 4229
2516 503
45181 7974
32081 5695
10782 1888
39553 6999
2661 530
24770 4393
49907 8817
5168 916
39678 7037
8192 1496
29495 5211
48093 8447
15639 2820
36053 6375
24116 4291
2881 577
18116 3192
42914 7520
37335 6609
48586 8541
37063 6526
4666 892
25248 4473
40351 7082
12578 2280
14218 2494
31871 5606
26936 4769
22097 3932
46838 8254
16607 2923
36013 6365
7741 1407
8907 1579
18842 3384
31976 5636
3210 587
27579 4857
35676 6299
37556 6603
40991 7224
44675 7894
20099 3551
2688 545
19636 3460
32236 5715
26457 4693
15490 2786
33056 5852
4252 808
31697 5641
7004 1238
46904 8237
49456 8696
3030 575
47915 8441
45018 7930
29067 5179
22357 3957
45657 8060
29839 5308
36535 6453
20656 3640
15204 2740
21059 3706
1308 238
37599 6645
15483 2738
23171 4130
28751 5072
43683 7657
39146 6879
37727 6669
49603 8709
13456 2393
43584 7693
2727 496
16853 3034
47642 8378
29161 5178
18346 3219
43617 7678
34171 6021
29840 5270
38205 6705
28053 4978
9256 1684
8193 1499
19858 3523
30964 5508
10900 1935
20308 3594
13681 2468
12919 2351
24325 4303
14721 2639
40940 7173
207 107
22106 3923
801 169
28903 5141
1713 339
13346 2349
47583 8383
34821 6187
46330 8182
48349 8549
30085 5338
18302 3239
32444 5767
5991 1120
42910 7564
44219 7764
41495 7337
49883 8742
2913 539
15385 2748
9908 1791
19502 3498
17588 3158
9115 1664
28685 5059
40781 7162
33044 5806
13240 2329
35894 6363
16144 2897
6776 1255
41543 7351
7262 1340
37091 6541
6158 1085
16143 2898
42869 7564
32890 5799
11894 2171
22809 4014
30295 5335
36692 6448
39031 6874
14287 2571
9774 1790
24966 4377
11663 2077
37322 6625
38686 6863
7691 1416
32346 5719
17580 3125
49676 8737
44086 7744
15345 2697
39266 6892
21070 3764
41943 7411
8489 1575
44223 7785
24365 4338
12990 2343
10907 1927
45215 7971
31947 5637
21838 3872
16100 2867
47956 8430
2971 550
13515 2423
33951 5989
13510 2438
22821 4061
10823 1957
44445 7816
48457 8549
49279 8703
44863 7894
45463 7972
3083 570
46548 8225
38074 6691
35600 6257
7570 1395
4214 789
17672 3107
29698 5257
2575 512
27608 4921
45303 7962
44636 7891
37861 6689
23208 4104
32066 5675
37092 6564
33573 5949
23207 4098
13474 2446
47716 8447
43744 7675
18358 3227
17657 3165
35725 6278
39426 6973
40618 7164
29027 5144
24210 4254
12729 2244
17591 3086
45870 8079
34910 6193
18250 3210
23648 4195
30013 5281
6960 1260
16266 2880
689 168
19077 3391
30458 5423
715 210
16959 3018
24403 4363
14645 2565
37095 6499
561 100
46312 8141
43053 7616
34283 6044
22578 3965
26025 4562
6468 1211
37695 6639
47839 8433
19515 3456
4796 898
13222 2318
42119 7463
22615 4038
25596 4523
17341 3096
44755 7875
10665 1870
28666 5038
32079 5675
44485 7797
9595 1683
34588 6144
43479 7686
40597 7138
13948 2511
32246 5729
32813 5831
7274 1322
32222 5689
29864 5264
4619 884
13699 2435
7334 1310
20118 3562
17402 3131
5617 990
29032 5147
12881 2266
13269 2388
20982 3736
9597 1718
36415 6432
29820 5240
31819 5587
46017 8100
24161 4309
39401 6940
49900 8772
35891 6311
28662 5059
36273 6404
23389 4159
42588 7536
29524 5236
8593 1543
43715 7728
12884 2268
27143 4793
36550 6431
7236 1325
36447 6468
11207 2005
16898 2968
21754 3841
5794 1024
36018 6390
47900 8437
31265 5542
13069 2349
30230 5368
22955 4076
8651 1602
41589 7321
32620 5741
30121 5356
34507 6104
6744 1224
43063 7581
45701 8055
45060 7907
48122 8517
4648 842
9662 1761
23031 4105
20786 3650
28247 5012
5658 1048
18232 3231
5304 932
49948 8774
15272 2749
2074 415
9571 1762
37021 6550
20148 3563
5655 1049
24467 4362
46783 8253
30414 5402
24579 4371
16075 2818
32886 5768
23654 4147
43679 7659
4862 894
31874 5643
47148 8306
17713 3140
6908 1240
15381 2710
18198 3198
9567 1682
41485 7329
47388 8386
3654 717
16843 3006
24967 4410
48748 8562
46557 8242
46412 8133
43241 7595
17023 3038
4193 805
46902 8297
30932 5464
49031 8651
40763 7181
3055 565
34870 6185
29964 5337
1986 382
6631 1206
48178 8494
24470 4369
44830 7937
7519 1368
17243 3023
13879 2452
18904 3354
12122 2185
10670 1892
10672 1931
6287 1102
23837 4181
27799 4921
36788 6483
7822 1444
17028 2994
45358 7967
22937 4043
22881 4067
