100 100
Iggibtaot 256
Wxrx 834
Wykkg 420
Yipdmwlv 677
Cxxx 626
Wfobxnahs 205
Ure 632
Gbzpedy 619
Xlqwibrtxg 552
Jjsyixytmw 129
Ufraui 786
Febhxfd 653
Ybjli 281
Jjfsckzmoq 189
Odqdjbr 979
Dtsv 652
Evt 452
Guv 351
Lxsmgdx 798
Ygvdiggvns 856
Rdb 441
Cevuq 662
Fhl 629
Qfbnyprtx 111
Ofqeiiew 505
Xumbiavxs 274
Qknxrssm 501
Dezatnqio 518
Rrajhok 360
Ezn 304
Zeik 529
Ztvweganax 788
Fauf 385
Edtz 81
Soyokkv 776
Oaobejai 997
Pxxt 446
Yvacopoz 899
Gfox 977
Zbupr 816
Orrwb 639
Qzphmv 207
Jjum 49
Fplhut 170
Fgmnakuph 57
Syre 839
Fdkstecs 762
Nyopv 957
Buvk 974
Uuwqzwrco 327
Gugvrnnz 256
Xacpwuafg 537
Nkrojpydv 25
Vzyqtbqdrh 259
Alpphdz 290
Sxlgplvnb 307
Qsafgjarbn 595
Hhdbqkf 270
Vmnhajo 509
Ynnuubn 166
Nzjffcmkxl 148
Jfupfcxp 904
Fqacj 176
Uepagvusl 515
Kqihuddzm 159
Uhodjdx 78
Xtutn 960
Xieen 483
Gbauca 243
Tfzbr 751
Rtwvq 34
Cxyrbkgjt 145
Xkylaldas 454
Bdsg 672
Tthadnm 260
Rblfsp 607
Bvjwbf 651
Apb 10
Vlrvywp 204
Inhwxlfgu 833
Fitbdkwjcy 848
Uasot 910
Ofkyilipj 259
Iflki 10
Oio 70
Oyox 288
Owfiytmx 682
Yya 748
Joshua 204
Zho 619
Kkwzofy 592
Evkun 695
Seteolkl 829
Gwmhylvmek 597
Bdlmxse 229
Rukxig 98
Tlzv 197
Hkzx 57
Btknjfrx 131
Qudlsg 525
229 633
770 835
583 801
535 867
225 714
252 487
768 785
76 787
269 346
734 955
476 803
182 183
11 225
18 334
98 347
20 416
165 355
270 620
345 817
282 324
488 625
496 988
184 861
36 755
166 523
792 952
290 367
92 744
450 493
305 847
294 997
548 796
491 515
685 860
212 429
157 794
489 808
557 673
84 886
353 670
409 877
31 256
456 753
376 820
388 808
486 638
102 626
382 688
133 423
891 927
336 661
216 520
254 957
877 972
202 585
258 305
17 34
948 997
453 910
229 325
220 691
248 344
170 234
239 586
239 770
529 680
60 681
68 264
417 654
441 764
628 796
386 507
169 265
410 956
90 485
231 917
204 550
554 846
659 685
124 575
425 453
323 974
87 589
284 644
99 615
904 998
816 838
433 783
326 423
479 784
313 860
298 697
379 881
163 503
182 792
189 955
478 512
132 136
267 723
589 643
