99 100
Ekst 100
Joshua 201
Hmvn 302
Lheij 403
Joshua 504
Gue 605
Lca 706
Sfhc 807
Joshua 908
Yzhkrbak 1009
Dfqvq 1110
Joshua 1211
Wjksubucl 1312
Kqnuyakw 1413
Ftutupk 1514
Gustav 1615
Tqtesdm 1716
Fcn 1817
Qqaqmcu 1918
Gustav 2019
Gustav 2120
Rapp 2221
Khrdn 2322
Gok 2423
Gustav 2524
Gustav 2625
Dph 2726
Ciyjn 2827
Cuq 2928
Afynx 3029
Gustav 3130
Eko 3231
Djcoh 3332
Joshua 3433
Gustav 3534
Joshua 3635
Gustav 3736
Joshua 3837
Joshua 3938
Ffwyg 4039
Jtugznj 4140
Bdtoa 4241
Gustav 4342
Rkhs 4443
Gustav 4544
Gustav 4645
Cijofvy 4746
Joshua 4847
Joshua 4948
Gustav 5049
Joshua 5150
Igqcvqzcok 5251
Gustav 5352
Oudw 5453
Zca 5554
Railu 5655
Ubx 5756
Uqhmqpdf 5857
Buetj 5958
Joshua 6059
Joshua 6160
Gustav 6261
Joshua 6362
Joshua 6463
Zsza 6564
Gustav 6665
Gustav 6766
Joshua 6867
Gustav 6968
Pevbj 7069
Yjy 7170
Oyuejfksd 7271
Gustav 7372
Joshua 7473
Snf 7574
Joshua 7675
Czohjdajhv 7776
Xwcxh 7877
Joshua 7978
Luywyuwhye 8079
Jcpxbw 8180
Gustav 8281
Ehs 8382
Ekqxnjn 8483
Gustav 8584
Mya 8685
Joshua 8786
Gustav 8887
Dvc 8988
Gjyfgz 9089
Gustav 9190
Gustav 9291
Xaayvch 9392
Joshua 9493
Smjsuzduw 9594
Joshua 9695
Mpkymd 9796
Joshua 9897
Vmtlqmxg 9998
0 99
101 201
202 301
303 403
404 504
505 604
606 706
707 807
808 907
909 1008
1010 1109
1111 1211
1212 1311
1313 1413
1414 1513
1515 1615
1616 1716
1717 1816
1818 1917
1919 2018
2020 2119
2121 2220
2222 2322
2323 2422
2424 2523
2525 2625
2626 2725
2727 2827
2828 2928
2929 3028
3030 3130
3131 3230
3232 3332
3333 3432
3434 3534
3535 3634
3636 3736
3737 3836
3838 3937
3939 4038
4040 4140
4141 4240
4242 4341
4343 4442
4444 4544
4545 4644
4646 4746
4747 4846
4848 4947
4949 5048
5050 5150
5151 5250
5252 5352
5353 5452
5454 5553
5555 5654
5656 5756
5757 5856
5858 5958
5959 6058
6060 6159
6161 6261
6262 6362
6363 6463
6464 6563
6565 6665
6666 6766
6767 6867
6868 6968
6969 7068
7070 7169
7171 7271
7272 7371
7373 7472
7474 7573
7575 7674
7676 7775
7777 7876
7878 7978
7979 8078
8080 8180
8181 8280
8282 8381
8383 8483
8484 8583
8585 8684
8686 8786
8787 8887
8888 8988
8989 9089
9090 9189
9191 9291
9292 9391
9393 9492
9494 9593
9595 9695
9696 9795
9797 9896
9898 9998
9999 10098
