100
5715
28209 2574
29067 6036
-44957 170
31885 958
-10040 666
-16561 6015
-7127 373
28469 3500
6381 1612
-20660 7371
11167 1095
9308 7418
12768 8252
-13653 544
9845 4973
31088 788
19926 5852
-35633 6974
43333 1391
12130 1786
-2762 5134
14410 4636
-17973 7812
27143 8159
-5946 3206
22078 7317
-48531 4992
22925 4197
-21352 7924
18796 8454
9631 7628
-43603 8826
16204 7428
-47767 530
-16977 7713
-43969 2304
-45842 2391
-37482 7261
17871 3125
-35810 573
15040 1273
42731 6685
7866 2253
42056 1476
-20072 4814
-12329 5574
-23035 5590
14096 7162
33567 2063
25520 7173
-16346 4567
41663 6204
-37679 3186
29474 263
-46078 7637
-7386 7830
35838 2683
43390 277
29116 8494
-31302 987
-49813 3998
29216 4540
-3883 1174
-34008 43
-36570 6123
44006 7342
-46098 7164
-34799 4867
-12673 4609
45032 8745
-48389 7388
27204 6383
-43055 3892
7301 4182
25082 1653
-29375 8101
36715 1901
-4451 8240
-24324 6025
-31916 7616
-35892 5008
-30619 575
5074 1065
26920 6005
13944 8173
-14355 8584
-20301 3859
-767 1365
18720 8787
16221 8170
-8283 2987
-26426 6560
-36443 7172
8986 56
-17826 8688
-37476 4573
-5930 2800
-38826 8134
-31305 4161
-21217 8167
