1000
5607
-27463 7245
36948 2612
-11462 4270
18615 1988
-11362 6611
22182 2096
32962 6403
3453 8835
49376 7941
-13596 4088
42471 2244
41261 616
-48324 2470
6293 0
29254 5363
-39283 3613
-34409 8772
-24234 2035
-17262 4530
46239 6026
-47088 6461
-4698 2403
-14062 2082
40868 4837
-47452 7129
38472 4105
29893 5710
34123 816
23654 5718
-33264 2585
31804 2224
14442 4962
-33776 6161
42470 6120
-28133 3864
-25297 373
39000 3737
-36698 1485
29772 794
18232 6271
-31130 7493
-15356 4164
-9904 183
39066 8702
-18703 1064
-5809 3809
12655 7934
-18984 7908
44792 29
-1905 1693
393 4192
-44123 4903
-13797 659
-37479 6095
-385 2948
4843 8407
-43577 6949
33231 7220
22266 1981
5056 710
29008 5116
30218 3345
-11074 1919
-4689 892
16928 2550
-42960 8807
-49252 2586
37556 4332
41986 4626
-37726 5584
24460 1389
43665 5113
20322 5061
-44033 2845
-7042 7271
19025 4071
-2015 615
49264 1680
-44467 2227
-5031 8839
16257 524
-29195 1982
7806 4674
-15072 3499
-32867 8493
-39164 5220
-29439 7014
-44042 174
-16427 8444
22696 3197
-42864 5297
22139 536
42044 7095
-24715 5287
31524 6811
3247 8785
-49045 3125
25143 4502
15089 5862
32805 8267
11309 341
12125 212
24360 2102
-6684 7765
22084 2180
47271 8336
-49415 4896
41502 6605
4082 5306
-1950 8696
-16322 6969
35935 376
-14066 1836
38264 7617
-28990 1485
-25859 1450
24717 5750
-22374 420
9421 2842
-5388 4455
10201 634
-6233 8618
-19445 6375
48604 4485
-23314 732
5143 2716
276 6878
9580 61
19820 5446
-47585 8165
10311 5408
-37181 5227
17553 4570
28592 1007
15665 3464
-32206 1005
-16607 7223
12095 2152
-24073 6436
43353 6423
-8539 5486
-41713 5252
-36790 8751
46702 8806
47005 6664
43810 119
-21534 871
34363 6110
-10176 1306
12752 5598
13069 3520
6709 732
-1308 4332
-18845 2747
21927 5654
-46961 7945
31926 4932
-16225 1173
-7298 6859
-19889 909
-23504 1403
28425 231
-41835 1213
-644 8252
1462 5248
30228 5734
35516 51
17160 234
46274 6552
41143 1004
30508 4526
23758 5641
31222 6537
-14912 4058
-12001 4001
31115 4724
-29529 533
23692 4362
-47598 1810
-46748 462
33458 3215
33358 3327
22724 7550
-7158 5771
-20101 4380
-25432 4158
15555 6964
-11153 751
-44362 6603
16048 221
-27764 1895
-22111 1781
42472 8057
-31707 8509
-41255 6790
-25045 8693
-28386 8164
37137 8537
1538 3749
44971 7928
23784 4855
-35726 5529
-11512 4329
42469 5689
19372 1570
-28625 1474
10164 2540
-15617 8551
-47251 1393
35114 2169
-26624 3723
-41620 8275
14002 3024
-31202 4046
-9465 5028
-48213 1125
49813 5624
-34254 1317
42518 4902
10426 7561
-39901 6374
-1427 4401
-3781 2180
-2718 1890
12701 3520
48979 3857
-22434 7822
4828 4080
8630 1191
-49697 4822
-34394 4148
-20110 2395
-12511 646
-31950 7108
-19234 7260
27502 7638
40902 1832
-29460 141
-15248 599
-33094 3594
-19092 5013
30666 8695
-36215 2558
45545 1205
-19525 7617
49524 4057
-30018 2144
-12703 6183
-71 8260
-34322 4421
2572 5020
35668 6727
-32572 2966
5757 6356
-2168 8285
13817 3559
-44306 6673
-46460 2471
24221 3700
-32106 900
-48714 453
-35306 1506
-23452 2067
30851 4433
-48462 7794
-1014 508
10373 2879
15867 1557
23716 6411
41879 6035
-27506 7700
15852 6002
-1788 6140
-19624 5824
-33958 4557
-21336 4278
-21564 7832
-23819 8473
-1305 3999
-28000 5947
19622 346
-32862 6853
-42685 6766
-35554 3498
27234 7636
12080 2011
-3555 7403
-6850 7167
12747 7314
14567 789
8692 6378
-27417 7651
-10188 1156
-34603 7140
10778 267
1181 4164
-47146 5411
603 4067
-26849 5206
-21526 937
965 1667
-10772 412
-40550 5040
-45159 7836
-15753 6116
17084 1714
-4066 2942
32226 7382
-10507 6251
3046 4817
39749 5718
-33912 3604
-48013 2779
-5078 1689
29078 3299
48098 5227
8804 90
29069 6630
28457 1239
38085 2207
10616 4584
18448 7569
8256 2114
30736 5374
35978 2159
38738 8608
48467 110
-31166 63
-41776 7018
10849 1192
-10798 5789
-47349 4008
-25547 5128
222 6512
25439 4006
46561 7464
37144 5712
-6142 8255
41215 2624
-11492 277
-25090 7641
-6078 1094
-14718 2316
-14340 231
37085 411
2250 2604
-23493 4344
-3772 270
5905 7653
-44567 3530
27819 1336
45492 7477
15529 8385
20297 69
49552 3700
17993 4888
3758 2044
35921 5640
6107 7768
-16769 1852
-12154 7337
-26563 4717
17115 1574
27826 8481
-41392 828
4802 997
46716 8393
-32223 2762
28071 7123
4037 1825
-26803 4284
42847 1977
30105 8518
1583 3349
3062 4178
24853 759
-38165 7128
49520 8214
-1878 7697
40150 7890
-14793 3703
22048 6874
19620 6983
-21520 90
-3045 841
-22321 6182
-34986 7329
-41063 1359
-9412 7053
46189 2066
1065 428
-12515 5451
12954 3189
-7752 4793
-14933 2551
-35742 2796
-1331 8660
-10104 8820
48310 2438
-20499 990
-15888 5097
-48662 3999
24967 7624
-49555 8820
-34723 3788
45153 4740
-23325 7597
17922 2903
-12814 5092
29200 3489
7989 6460
23286 6631
48329 3476
1966 5699
8471 397
43184 4842
-49481 2700
-35940 2136
-36045 2346
42335 1557
1333 3404
-38387 5604
1123 48
28865 4012
3335 3699
-31030 2579
-27593 4771
37986 5242
-4828 7387
7064 4352
-29680 7017
43006 1415
16370 1834
29163 15
25554 3259
24335 1708
38954 2669
1823 6113
-46270 979
-26429 6164
-10065 6149
41264 5556
32205 83
16131 5080
11417 4553
608 3456
-21550 2476
24780 181
-38897 6816
28211 5450
43696 2224
-32569 8660
43872 844
35390 5830
1659 8786
40197 1942
-143 4
38838 5430
38600 7080
-36320 7286
-49939 44
7889 7083
-21046 6479
39737 7254
-33006 5366
6848 6990
41431 1793
45282 7092
-39626 6769
10299 5175
-1249 6332
49287 1087
15273 1521
-24302 8446
30789 2381
-32953 4605
-24933 3570
-4150 4499
11716 2140
-48304 7303
-9335 1191
47051 5215
-24750 7323
-33080 4225
-8860 2373
-31233 7008
-18370 4255
42618 7483
-31635 3510
-47650 1242
30375 4791
-43045 6705
17735 5768
-16575 8402
16026 5118
9553 5559
10934 2077
30960 4986
7573 6775
-33801 5920
-3287 1790
-19816 5935
14592 6928
-7 1846
-21166 3589
-40769 874
-26838 2538
9837 4822
37380 3922
-1442 8714
19990 6431
19709 458
-48544 3782
-22331 3843
48881 6606
40957 2783
-13637 368
34518 4893
-47326 2960
-34577 2031
-29451 1668
-7156 6402
-48004 517
4111 8355
16218 2935
46349 6283
-35122 7427
24252 1397
-5775 8236
-35050 6497
15900 6630
22050 1471
-38019 2802
42248 6316
-13505 8631
14003 1475
-34164 7888
16385 1089
41087 7533
45541 8347
-10322 4948
-21962 4225
19817 3090
-23501 1925
-19300 4279
40129 6064
19392 2512
-48179 5121
43427 1043
-49935 7755
-6614 8493
-37587 8543
-7336 219
1453 2164
-16549 2669
30117 4287
-11820 6347
-19937 8259
36943 1518
-328 998
537 4936
-38155 3796
27203 3711
-30993 699
-24910 7173
-40778 946
13009 7414
20904 6018
-8761 4905
23517 5183
39501 7225
-4366 2152
-14064 4870
5507 4796
3160 857
-5840 5944
43840 8193
1762 5821
-21724 6133
-17877 7317
-48089 247
8323 8170
-47153 7763
-16447 3697
8443 6808
41864 4032
1280 635
13027 4740
38596 1961
15017 3413
-37987 6583
-16118 4256
41361 7901
-36741 6194
17773 4296
-14408 1989
21717 654
3770 482
-803 8401
-16312 4481
-2801 6943
15280 3407
-21407 4944
-45722 4956
7825 4657
-32868 6402
-9367 1654
9941 3351
-35345 1093
-31348 4250
-39889 1063
-41209 198
-18653 4683
-26813 8182
-32081 2696
-29358 4596
17333 1185
-42714 2724
24878 3579
14554 2155
-47752 6837
13355 4780
22129 4471
-34568 3843
41108 4808
-4596 5063
1859 1207
33646 1490
39349 6892
4085 5210
-17729 3225
29082 7122
-1552 3197
25639 3351
-40711 8320
47760 7725
-46364 7324
-3688 2246
-44708 3732
12214 5690
45955 1508
-8511 7454
16492 4851
40116 8788
46872 2114
-15146 1379
-26735 4869
-24133 7440
15229 7935
-36749 952
4073 6221
-16887 1723
-35520 7613
-46227 2958
-14499 6588
-439 1945
-19376 653
36711 2114
16330 3006
43758 2056
-7700 276
16688 5829
-30759 4226
16591 274
-29370 3837
-17406 4084
-30155 2637
-2850 6073
-28326 6363
-6605 5427
-28191 3106
-38157 6566
43451 6418
-14023 6729
9365 5502
13297 5376
26288 115
-37315 2931
46423 5005
4783 3260
-24772 5380
-49989 3397
46703 5956
-40543 899
47880 7766
-16310 3780
46198 386
-43302 7312
-27728 1653
-35678 2916
-43012 1845
16180 3861
3392 2875
19846 4842
-7638 4752
-21190 5067
-30550 1240
-1507 6391
-49833 5779
-24185 2213
-27270 3212
31747 408
-45739 7710
11102 2251
-41176 3042
32996 8003
-16029 3320
-44469 8622
-16262 6395
-28915 4488
39254 6182
-25358 7650
16228 8070
32460 8317
-3609 2094
-37828 7705
41250 3812
-13384 3060
-27745 5789
47054 1617
20500 444
44814 8647
-7145 1954
-23098 7552
15808 3629
36202 7941
-18484 4026
13623 51
44066 6284
49638 3282
23127 7971
-34866 8338
37604 3769
-22373 557
49171 4592
30801 7338
-19528 4261
-35904 3822
31060 3691
1623 7706
34632 5181
-9874 8453
41626 7932
47231 397
-37209 8657
-4152 6404
2592 7143
41381 7117
-48405 5944
13327 3319
27212 6183
48690 1495
-13266 4325
18709 2249
2325 6766
-18108 4818
19125 7233
12804 1568
-8783 5369
9876 6436
-20424 1657
9918 7166
-24882 3590
-18250 7189
-6181 4457
-42438 7669
-18890 7523
1528 2942
-8820 6249
-22768 1618
-38042 1208
5543 2004
36846 6951
-45966 7424
22112 7110
-45875 6630
-21375 2097
43080 538
27801 5472
42008 8064
-9189 6174
5732 6895
-40165 453
-33605 3977
-44694 8661
-33255 5696
44044 4837
-38654 6457
46125 3923
-31479 3594
24231 1481
-3021 3524
3498 4570
2642 95
2380 118
-14301 5696
17726 6219
7021 5750
27974 2819
-1112 7249
-8099 6984
29443 6096
16018 3822
-18327 782
9186 6688
-16668 3987
27606 5112
39543 3104
1869 4106
10405 2263
-17588 6558
950 3628
-49291 3184
-45837 881
-31713 8625
32412 1818
-346 1485
5107 3293
-25606 2379
-37401 6951
8073 8116
-41383 2615
-10020 6147
43701 7417
44892 1319
40781 4026
-1011 7984
-45431 5978
5434 5007
-31766 4449
22408 5240
-29877 969
24666 6671
10569 1630
-33632 7497
-34719 1602
49323 5220
12444 6197
-46000 933
46555 3892
-38034 5958
-29821 3889
-5499 8077
-42740 8825
5045 7213
40780 5187
31068 7002
-26648 1280
-45788 172
-18368 1953
40465 7406
29216 3501
-17857 721
-30585 1919
32497 2959
9968 5939
21580 5894
-869 8546
-28081 4831
-41072 582
-22599 7693
-17838 6224
-22689 5626
-12439 1884
-13179 5780
-13025 1498
-9112 4342
-21890 8436
9784 4425
40078 7031
-31283 5191
21484 3428
-21489 4541
-13877 3951
42053 2485
17214 258
20618 6591
4188 6519
39257 2138
-13264 8650
-48845 1127
-49335 5915
-36820 290
46158 8759
-140 632
10499 7966
-16614 6462
5542 5189
-17373 2583
-19891 7000
-8616 2580
3382 773
-4057 5051
-44577 3
-16808 1056
-39410 1534
39823 8425
-26664 6091
28557 2616
7135 5712
47109 546
-46122 6120
39769 5275
44587 5692
-29126 609
38618 1221
-21552 7947
-47674 8285
-44885 2977
13801 1145
3059 6514
2490 3818
-36313 4152
-15202 8714
49538 5141
-7286 6787
33761 4806
-2067 2767
-2937 7578
-11236 5963
-28791 4335
-3404 4510
-30711 2132
-35089 3867
-46561 8388
-18152 244
-41667 1342
-40078 5703
9571 3895
14767 1132
-9488 6826
43699 7024
-20614 4316
39853 540
-26228 8722
-29117 8840
20677 779
28878 3307
40457 2515
-4169 5181
15472 5567
14915 6341
17684 6361
-7353 5677
-36305 4644
-4237 1597
22019 4507
37914 3282
24344 7453
44120 5389
-2096 7521
-6991 4367
-12862 6109
-38799 4262
-19299 3157
-26440 2538
49647 681
12373 4423
-7465 2162
-20835 7507
-16059 2277
26196 7422
31282 5236
37299 1302
-6624 367
-24765 1694
23956 5298
44497 7877
28369 8149
-49938 7727
-41622 4211
-4178 3135
1261 2126
-10834 5587
-34930 3277
-8440 3139
42926 1898
-30046 415
27399 1298
-19121 3196
15619 2317
-11043 6806
-5847 8328
-46518 5896
-48469 3953
14241 8275
4216 406
15343 3160
40791 4184
27247 1772
-27433 8567
26737 1555
15381 8145
16523 1151
14591 43
-20400 3519
-42600 3279
46121 3748
-9538 5848
20142 8334
