1000
8683
-587 153
-36597 6433
4540 875
-25475 4500
45562 8022
-23181 4141
-29749 5239
-41057 7252
-38749 6846
-43882 7708
7800 1414
-20258 3603
5551 1019
47149 8303
20895 3687
-17569 3079
9136 1670
-4176 758
2265 477
13666 2406
-17231 3103
-27235 4812
45890 8042
-4325 809
15842 2838
49054 8675
-33659 5899
-41751 7345
19570 3451
22369 3971
-47119 8314
-4313 755
-30145 5282
17156 3070
-8702 1548
37654 6672
18171 3210
-20594 3637
-49716 8747
19491 3482
-22460 3937
-34794 6111
-8748 1573
16485 2946
36453 6471
3624 720
34755 6115
36555 6461
-3420 665
33712 5939
38358 6782
-23546 4198
48078 8493
3408 645
18842 3339
-3647 653
-13769 2443
-49750 8730
-31277 5487
19734 3540
15953 2814
-34178 6018
-8055 1450
-652 127
15303 2720
-37874 6685
40376 7088
-38445 6794
-26806 4764
-40527 7146
23439 4125
30246 5374
-49868 8781
12629 2260
-19789 3507
-44721 7878
19525 3508
-11791 2118
14537 2583
-41635 7320
-22285 3936
-45954 8076
17009 3022
40579 7153
-33480 5935
-22469 3982
-14248 2562
32074 5691
37220 6563
25469 4507
47612 8410
25447 4509
-25894 4614
-39223 6911
-4810 910
45606 8011
40895 7225
17691 3179
-39314 6908
18558 3336
-32226 5685
31295 5494
-18630 3297
-46709 8197
16782 2966
-28046 4962
30268 5381
-14436 2612
31301 5487
-36149 6341
-25324 4483
-5947 1085
28808 5123
-22614 4014
6173 1117
6332 1195
33953 5985
-10000 1776
1412 289
23975 4258
-27959 4962
39309 6928
8835 1565
6122 1077
-45664 8046
39146 6891
-46576 8222
-41398 7307
-9326 1701
-23843 4183
28113 4987
5631 1018
18454 3296
8164 1470
4528 803
15665 2805
17284 3047
4696 885
-41280 7287
-14663 2632
-38565 6774
-35160 6188
-40441 7156
-5456 1011
48052 8465
4992 912
24393 4323
31757 5641
36451 6428
24056 4281
23314 4167
-7894 1404
-9154 1652
-46435 8163
-35930 6365
-39021 6872
35819 6360
30562 5381
-17393 3097
-34301 6076
27164 4836
37468 6576
36536 6438
15090 2679
44458 7846
2504 514
13992 2532
-15620 2757
-46004 8067
-33702 5918
6371 1124
-30227 5319
12787 2253
13420 2401
33604 5898
-47828 8456
-9268 1665
27814 4952
-44283 7806
-47017 8279
39887 7034
-10474 1911
-23415 4135
35088 6173
-13457 2380
5646 1073
3627 649
-42585 7497
47528 8392
-27750 4936
-35375 6279
31488 5579
18491 3254
-12749 2281
-33704 5963
37562 6643
18140 3233
-29914 5270
-31454 5572
26186 4603
-36693 6441
-37930 6725
24234 4283
-6446 1154
-25922 4560
-45252 7970
-27446 4824
36663 6494
-7999 1430
-33878 5990
42347 7422
-44006 7773
-4738 854
40979 7221
3581 672
-16675 2978
-6897 1237
-11133 1975
49859 8791
39343 6941
-20543 3611
-5859 1027
26025 4612
-4789 906
-40291 7132
29106 5181
-39590 7008
-27731 4912
3187 598
-18788 3331
7501 1316
-18751 3357
23171 4117
2448 503
-47300 8331
38536 6787
-35403 6236
-47811 8446
-48608 8522
4661 857
9481 1706
43539 7685
-15552 2761
19300 3433
48879 8599
-38092 6740
4973 894
8535 1571
-12190 2171
-44315 7849
37814 6705
13836 2449
36965 6549
16815 3027
-41430 7329
-15632 2815
23306 4165
-27707 4921
-37477 6570
36462 6415
-15721 2764
-37548 6580
28791 5066
-47769 8423
1506 294
8940 1600
-22470 4012
27133 4809
-28491 5005
11671 2068
-1830 358
33640 5977
41441 7284
28573 5053
28004 4965
31172 5496
-47895 8458
-37696 6619
-25732 4591
37416 6612
2543 503
-15990 2871
-14737 2593
12457 2249
44833 7872
7510 1341
-11912 2133
-35435 6221
-6424 1151
-42708 7555
-15069 2674
24888 4391
49008 8592
20626 3637
32804 5791
27283 4787
20972 3675
14055 2473
16896 3035
-2990 597
21474 3819
-42969 7554
-2393 466
5999 1122
24425 4334
9896 1775
-17370 3081
37939 6674
-18793 3294
-23710 4239
3464 667
-19890 3513
-26065 4634
22641 4027
-8014 1408
-46953 8272
-30170 5290
24179 4252
-43587 7690
11194 2001
42194 7395
22758 4067
-32234 5665
-46945 8257
32289 5728
46294 8119
-13649 2466
23395 4155
-21899 3924
-46296 8189
6025 1135
22486 3967
-43694 7656
-41312 7297
18602 3321
-2950 595
46908 8299
-37449 6626
2564 451
-13235 2355
30127 5308
7080 1241
5354 959
-18644 3299
14478 2570
29123 5113
45936 8096
-2485 465
-23296 4105
-25239 4475
-31924 5654
44938 7918
-5183 961
-10672 1877
-39574 6999
20831 3679
-34389 6100
46110 8091
31936 5647
15155 2667
43101 7559
29638 5200
19752 3531
-18840 3333
9579 1732
-26632 4725
-24874 4427
-34071 6027
-14366 2564
28010 4937
32589 5727
-7518 1338
-4031 788
6708 1228
-27218 4781
46214 8106
13546 2410
20109 3565
-4646 881
-26562 4691
29849 5306
-42975 7549
-1570 308
-38470 6816
-33103 5810
-44940 7899
-45391 8018
19522 3487
-16070 2870
-1881 413
11619 2055
-18549 3295
33399 5930
-27287 4817
-34448 6068
-30081 5341
-18244 3232
20452 3667
-16705 3004
40100 7072
-1666 334
-24941 4377
32312 5719
30466 5392
-14107 2552
26245 4661
39777 7027
-10677 1879
-14034 2526
12354 2220
48423 8510
-18694 3328
10357 1884
6471 1138
-41240 7228
36429 6391
42074 7392
-31385 5508
-26359 4704
-34685 6077
-28851 5094
25730 4547
-16472 2939
10553 1924
3055 559
19312 3469
-19241 3386
-31760 5631
11159 2023
49714 8777
26347 4625
-22846 4067
6714 1200
-15218 2718
36025 6325
17364 3116
19934 3538
22146 3931
3356 604
-12992 2282
-13160 2354
43323 7628
4168 748
-19398 3471
-35044 6225
26733 4709
-46401 8129
6475 1166
46775 8250
36623 6480
-42653 7489
-34904 6202
-41167 7262
37516 6604
15291 2727
-25167 4491
-10485 1837
-43617 7642
36942 6501
409 157
-14063 2509
-23732 4161
-18928 3332
19652 3527
36576 6440
-35041 6153
-27104 4831
-49967 8787
-37734 6674
-21966 3930
-15728 2832
-23797 4186
31284 5516
27237 4832
-49124 8627
-44974 7938
-46125 8081
1984 428
45464 7989
-43959 7732
-33440 5892
42552 7482
-41629 7316
34726 6140
35307 6266
-19481 3427
13053 2366
28938 5151
28766 5110
-31707 5560
-48874 8598
30476 5364
6090 1104
-37291 6545
32491 5705
-43788 7752
-33198 5882
28744 5062
29113 5109
40182 7039
-13812 2426
-47274 8354
44789 7855
-40715 7195
-27088 4755
-48928 8611
-68 21
48917 8595
6068 1146
32505 5726
28615 5044
-8744 1560
46239 8115
10186 1794
40233 7066
-2177 465
-15967 2883
10504 1912
-24576 4388
-48653 8605
-33854 5989
-49258 8635
-18227 3217
-4545 862
27922 4934
34012 5974
-47570 8369
-44292 7832
-8485 1504
23860 4252
3051 569
-5576 988
-25830 4541
17657 3114
-21939 3900
-34915 6146
-19728 3460
48841 8602
-37556 6625
29088 5113
-13587 2380
-37372 6617
41534 7324
-21233 3796
-27842 4919
41656 7330
2348 421
40959 7188
3970 777
37705 6676
9041 1651
-26247 4642
-13525 2385
-28032 4916
36304 6447
23455 4121
46578 8218
42442 7455
-25728 4524
42328 7415
-6583 1215
30625 5415
-25261 4470
-4345 821
37048 6565
32235 5683
4697 903
36943 6480
-25601 4541
38022 6723
-26014 4645
-27565 4903
-10515 1852
15142 2720
-10484 1916
26905 4769
5323 937
-19142 3372
36587 6474
-31136 5473
34930 6126
-8402 1547
6127 1158
4983 876
38586 6795
37602 6612
-5807 1084
-19475 3431
26708 4741
5996 1076
32382 5741
1158 263
31344 5503
-25797 4547
-40814 7152
47357 8303
26179 4617
16026 2845
-6504 1191
-20171 3609
-21254 3783
-3452 680
-12592 2281
-23154 4113
-2861 507
34912 6159
33827 6004
-38518 6825
-29972 5299
-5519 972
-34457 6094
-33929 6023
374 94
-40399 7150
29677 5233
-6493 1215
15537 2722
-26640 4673
-4763 901
24464 4295
29744 5270
-5494 976
-42520 7474
42131 7396
40242 7097
-9160 1633
30412 5407
-10476 1911
36306 6409
-899 217
-40426 7093
-38086 6722
-24928 4433
13891 2460
516 121
-1036 215
-29226 5131
-44129 7813
7801 1435
45752 8071
43474 7662
42596 7534
45003 7887
23902 4266
-69 21
-285 134
12279 2239
-44824 7925
18294 3211
48441 8569
38731 6787
10313 1871
35098 6194
14894 2674
35319 6198
-15670 2781
38386 6745
15366 2727
-34164 6041
29989 5253
5351 960
-10641 1950
39853 7062
-29778 5216
42879 7589
-12975 2275
-581 166
-3574 698
23072 4102
33881 5971
11206 2033
2696 479
-25999 4601
-25244 4477
29593 5231
24801 4398
-7400 1332
26380 4630
-33256 5880
-23267 4103
-34463 6090
4267 778
-45197 7965
12345 2214
34284 6043
8630 1558
30485 5387
-47711 8376
-6671 1178
24576 4382
6556 1196
-17662 3100
-18651 3333
6449 1187
33860 5948
16005 2866
28093 5000
-48014 8415
48366 8539
-2054 396
-36564 6446
-34805 6118
10111 1830
-25433 4477
-31607 5597
24717 4392
14655 2607
21240 3767
39129 6857
-49357 8718
21456 3811
49226 8670
47423 8348
-1381 255
41924 7408
18223 3212
16989 3053
12977 2306
-28596 5078
-26772 4766
36541 6485
29662 5244
32232 5674
-28232 4958
1811 343
-20062 3590
49492 8700
-24746 4370
-6449 1191
-47338 8334
9528 1704
-11200 1985
28026 4922
-5253 994
26421 4695
-31967 5659
37032 6494
-3547 692
23332 4154
-41120 7226
-10305 1890
-42 24
-33523 5943
-29888 5323
-22457 3943
-33013 5867
-6464 1199
46042 8145
23557 4155
16147 2888
-22201 3968
-42031 7446
-7569 1351
-4364 810
24330 4270
-44549 7825
45764 8073
-17497 3068
-49745 8715
5284 1013
11315 2063
-25726 4522
41584 7324
-49448 8698
503 97
-42962 7559
15944 2810
36903 6483
-46659 8174
38498 6820
-18725 3358
42285 7468
-17965 3205
30383 5387
-14861 2626
-35829 6283
5493 1046
27985 4941
26844 4788
37655 6596
18034 3230
33774 5973
-11321 1995
1521 308
-21950 3894
-23375 4179
15848 2782
20178 3537
11982 2158
-14727 2619
21977 3880
27294 4868
26736 4737
10440 1855
29163 5122
-46530 8165
20816 3733
-45601 8009
-9263 1648
-42917 7538
32760 5769
10368 1896
-21620 3858
-13981 2515
39289 6967
41365 7291
-33020 5859
49831 8811
-19540 3429
14307 2592
39387 6928
-44860 7885
-46794 8211
10778 1945
-41949 7401
-32430 5730
-4169 732
-4487 835
-47813 8443
28399 5045
-5116 972
-48820 8619
37191 6585
30375 5364
-31194 5511
-24583 4393
28396 5044
9712 1727
-46057 8081
-19854 3549
23474 4180
-34232 6024
43792 7739
21779 3889
-33517 5952
-6467 1205
17348 3125
-37106 6536
-4453 824
5481 1031
47204 8314
-13091 2340
-40544 7148
45350 7966
49416 8737
-41235 7304
48689 8549
25847 4584
-9442 1736
14785 2590
-36716 6509
45341 7970
23881 4254
10614 1936
10475 1883
33862 5948
6950 1241
-3841 690
-34362 6045
-8717 1564
-8256 1486
-43253 7608
-696 188
-8752 1550
28628 5068
16182 2892
-7524 1323
7968 1477
45882 8061
-1277 284
-25144 4484
-18467 3317
14835 2650
-28112 4980
38590 6831
4325 757
-5736 1087
-45201 7947
-32903 5822
-48747 8598
-8417 1547
-4127 769
22580 4034
-4821 926
24125 4259
-43290 7634
17458 3083
17619 3126
45935 8114
18593 3284
1740 325
-19683 3482
-28711 5065
35117 6231
-38679 6806
11050 2023
49073 8599
-33782 5942
-17114 3012
-29204 5149
-17075 2993
40099 7024
4004 733
35608 6238
-20323 3594
27359 4844
-25200 4465
-12082 2131
-6994 1255
32763 5810
39321 6933
39637 6987
-4335 792
-962 200
16895 3034
-46241 8109
-22977 4037
44353 7835
49046 8624
-20515 3671
28927 5090
36946 6546
-18946 3344
-35667 6297
16559 2931
-41694 7335
24992 4383
49473 8724
10446 1900
3893 736
-25090 4458
3032 597
-23297 4107
27667 4907
20284 3553
-30695 5415
-30466 5383
14338 2531
29377 5149
20893 3666
20246 3588
-2822 570
-9729 1767
-45120 7934
-46186 8179
35332 6276
30865 5480
-44272 7790
-26705 4717
-42094 7421
-7861 1396
-38493 6787
-5589 1035
26419 4710
36125 6403
-18978 3392
-43893 7708
-17286 3068
-21017 3749
46896 8294
34547 6112
-46909 8235
7774 1416
1751 351
12730 2268
19142 3379
-9232 1705
-14804 2600
11108 2028
35270 6190
-48540 8580
38635 6785
-33330 5847
18909 3375
-41640 7337
-48330 8541
444 164
41045 7263
9660 1718
45423 7957
20338 3581
24272 4333
47093 8329
-34021 6002
-28055 4968
1951 342
-12258 2188
40603 7141
5727 1052
-40836 7186
-27475 4866
-1866 409
-7417 1347
34890 6135
40618 7155
-30139 5362
-2637 498
1692 353
8000 1414
-39580 6971
