42
0 12 14 5 16 14 9 6 4 12 13 12 12 4 14 11 16 17 13 16 14 14 4 14 16 9 17 11 14 8 5 18 12 10 16 14 13 16 5 13 5 14
12 0 4 13 12 4 5 10 10 8 7 8 6 12 8 7 12 13 3 12 4 4 10 4 12 5 13 5 10 18 13 14 8 6 12 10 9 12 13 9 11 4
14 4 0 15 14 4 7 12 12 10 9 10 8 14 10 9 14 15 5 14 2 2 12 2 14 7 15 7 12 20 15 16 10 8 14 12 11 14 15 11 13 4
5 13 15 0 17 15 10 7 5 13 14 13 13 3 15 12 17 18 14 17 15 15 5 15 17 10 18 12 15 11 6 19 13 11 17 15 14 17 2 14 6 15
16 12 14 17 0 14 9 14 14 12 13 8 12 16 14 7 16 17 13 6 14 14 14 14 6 9 17 11 4 22 17 18 12 10 16 14 13 6 17 13 15 14
14 4 4 15 14 0 7 12 12 10 9 10 8 14 10 9 14 15 5 14 4 4 12 4 14 7 15 7 12 20 15 16 10 8 14 12 11 14 15 11 13 2
9 5 7 10 9 7 0 7 7 5 6 5 5 9 7 4 9 10 6 9 7 7 7 7 9 2 10 4 7 15 10 11 5 3 9 7 6 9 10 6 8 7
6 10 12 7 14 12 7 0 4 10 11 10 10 6 12 9 14 15 11 14 12 12 4 12 14 7 15 9 12 12 7 16 10 8 14 12 11 14 7 11 5 12
4 10 12 5 14 12 7 4 0 10 11 10 10 4 12 9 14 15 11 14 12 12 2 12 14 7 15 9 12 10 5 16 10 8 14 12 11 14 5 11 3 12
12 8 10 13 12 10 5 10 10 0 9 8 8 12 10 7 6 7 9 12 10 10 10 10 12 5 7 7 10 18 13 8 2 4 6 4 3 12 13 3 11 10
13 7 9 14 13 9 6 11 11 9 0 9 7 13 3 8 13 14 8 13 9 9 11 9 13 6 14 6 11 19 14 15 9 7 13 11 10 13 14 10 12 9
12 8 10 13 8 10 5 10 10 8 9 0 8 12 10 3 12 13 9 8 10 10 10 10 8 5 13 7 6 18 13 14 8 6 12 10 9 8 13 9 11 10
12 6 8 13 12 8 5 10 10 8 7 8 0 12 8 7 12 13 7 12 8 8 10 8 12 5 13 3 10 18 13 14 8 6 12 10 9 12 13 9 11 8
4 12 14 3 16 14 9 6 4 12 13 12 12 0 14 11 16 17 13 16 14 14 4 14 16 9 17 11 14 10 5 18 12 10 16 14 13 16 3 13 5 14
14 8 10 15 14 10 7 12 12 10 3 10 8 14 0 9 14 15 9 14 10 10 12 10 14 7 15 7 12 20 15 16 10 8 14 12 11 14 15 11 13 10
11 7 9 12 7 9 4 9 9 7 8 3 7 11 9 0 11 12 8 7 9 9 9 9 7 4 12 6 5 17 12 13 7 5 11 9 8 7 12 8 10 9
16 12 14 17 16 14 9 14 14 6 13 12 12 16 14 11 0 5 13 16 14 14 14 14 16 9 3 11 14 22 17 6 6 8 10 8 5 16 17 5 15 14
17 13 15 18 17 15 10 15 15 7 14 13 13 17 15 12 5 0 14 17 15 15 15 15 17 10 6 12 15 23 18 3 7 9 11 9 6 17 18 6 16 15
13 3 5 14 13 5 6 11 11 9 8 9 7 13 9 8 13 14 0 13 5 5 11 5 13 6 14 6 11 19 14 15 9 7 13 11 10 13 14 10 12 5
16 12 14 17 6 14 9 14 14 12 13 8 12 16 14 7 16 17 13 0 14 14 14 14 2 9 17 11 4 22 17 18 12 10 16 14 13 2 17 13 15 14
14 4 2 15 14 4 7 12 12 10 9 10 8 14 10 9 14 15 5 14 0 2 12 2 14 7 15 7 12 20 15 16 10 8 14 12 11 14 15 11 13 4
14 4 2 15 14 4 7 12 12 10 9 10 8 14 10 9 14 15 5 14 2 0 12 2 14 7 15 7 12 20 15 16 10 8 14 12 11 14 15 11 13 4
4 10 12 5 14 12 7 4 2 10 11 10 10 4 12 9 14 15 11 14 12 12 0 12 14 7 15 9 12 10 5 16 10 8 14 12 11 14 5 11 3 12
14 4 2 15 14 4 7 12 12 10 9 10 8 14 10 9 14 15 5 14 2 2 12 0 14 7 15 7 12 20 15 16 10 8 14 12 11 14 15 11 13 4
16 12 14 17 6 14 9 14 14 12 13 8 12 16 14 7 16 17 13 2 14 14 14 14 0 9 17 11 4 22 17 18 12 10 16 14 13 2 17 13 15 14
9 5 7 10 9 7 2 7 7 5 6 5 5 9 7 4 9 10 6 9 7 7 7 7 9 0 10 4 7 15 10 11 5 3 9 7 6 9 10 6 8 7
17 13 15 18 17 15 10 15 15 7 14 13 13 17 15 12 3 6 14 17 15 15 15 15 17 10 0 12 15 23 18 7 7 9 11 9 6 17 18 6 16 15
11 5 7 12 11 7 4 9 9 7 6 7 3 11 7 6 11 12 6 11 7 7 9 7 11 4 12 0 9 17 12 13 7 5 11 9 8 11 12 8 10 7
14 10 12 15 4 12 7 12 12 10 11 6 10 14 12 5 14 15 11 4 12 12 12 12 4 7 15 9 0 20 15 16 10 8 14 12 11 4 15 11 13 12
8 18 20 11 22 20 15 12 10 18 19 18 18 10 20 17 22 23 19 22 20 20 10 20 22 15 23 17 20 0 11 24 18 16 22 20 19 22 11 19 11 20
5 13 15 6 17 15 10 7 5 13 14 13 13 5 15 12 17 18 14 17 15 15 5 15 17 10 18 12 15 11 0 19 13 11 17 15 14 17 6 14 6 15
18 14 16 19 18 16 11 16 16 8 15 14 14 18 16 13 6 3 15 18 16 16 16 16 18 11 7 13 16 24 19 0 8 10 12 10 7 18 19 7 17 16
12 8 10 13 12 10 5 10 10 2 9 8 8 12 10 7 6 7 9 12 10 10 10 10 12 5 7 7 10 18 13 8 0 4 6 4 3 12 13 3 11 10
10 6 8 11 10 8 3 8 8 4 7 6 6 10 8 5 8 9 7 10 8 8 8 8 10 3 9 5 8 16 11 10 4 0 8 6 5 10 11 5 9 8
16 12 14 17 16 14 9 14 14 6 13 12 12 16 14 11 10 11 13 16 14 14 14 14 16 9 11 11 14 22 17 12 6 8 0 4 7 16 17 7 15 14
14 10 12 15 14 12 7 12 12 4 11 10 10 14 12 9 8 9 11 14 12 12 12 12 14 7 9 9 12 20 15 10 4 6 4 0 5 14 15 5 13 12
13 9 11 14 13 11 6 11 11 3 10 9 9 13 11 8 5 6 10 13 11 11 11 11 13 6 6 8 11 19 14 7 3 5 7 5 0 13 14 2 12 11
16 12 14 17 6 14 9 14 14 12 13 8 12 16 14 7 16 17 13 2 14 14 14 14 2 9 17 11 4 22 17 18 12 10 16 14 13 0 17 13 15 14
5 13 15 2 17 15 10 7 5 13 14 13 13 3 15 12 17 18 14 17 15 15 5 15 17 10 18 12 15 11 6 19 13 11 17 15 14 17 0 14 6 15
13 9 11 14 13 11 6 11 11 3 10 9 9 13 11 8 5 6 10 13 11 11 11 11 13 6 6 8 11 19 14 7 3 5 7 5 2 13 14 0 12 11
5 11 13 6 15 13 8 5 3 11 12 11 11 5 13 10 15 16 12 15 13 13 3 13 15 8 16 10 13 11 6 17 11 9 15 13 12 15 6 12 0 13
14 4 4 15 14 2 7 12 12 10 9 10 8 14 10 9 14 15 5 14 4 4 12 4 14 7 15 7 12 20 15 16 10 8 14 12 11 14 15 11 13 0
