100
2 43
43 44
44 45
45 46
46 47
47 48
48 49
49 50
50 51
51 52
52 53
53 1
3 54
54 55
55 43
4 56
56 57
57 52
5 58
58 59
59 60
60 61
61 62
62 63
63 64
64 46
6 65
65 55
7 46
8 66
66 50
9 51
10 67
67 68
68 69
69 46
11 70
70 71
71 72
72 45
12 73
73 63
13 74
74 75
75 45
14 57
15 76
76 70
16 63
17 77
77 78
78 79
79 80
80 67
18 81
81 82
82 78
19 83
83 43
20 84
84 85
85 60
21 54
22 54
23 51
24 54
25 84
26 46
27 86
86 77
28 75
29 60
30 87
87 88
88 89
89 90
90 91
91 92
92 53
31 93
93 94
94 52
32 95
95 81
33 67
34 69
35 96
96 97
97 98
98 99
99 67
36 98
37 80
38 84
39 56
40 80
41 100
100 51
42 65
