47
0 16 25 7 21 14 15 28 27 28 27 27 26 10 20 3 17 22 25 6 26 7 21 29 22 28 11 22 7 22 9 22 13 7 21 24 27 28 7 23 15 17 17 28 5 15 27
16 0 11 13 7 4 5 14 13 14 13 13 12 8 6 15 7 8 11 14 12 11 7 15 8 14 9 8 11 8 9 8 5 11 7 10 13 14 13 9 5 3 7 14 13 5 13
25 11 0 22 14 13 14 7 4 7 6 4 3 17 13 24 16 5 2 23 5 20 6 6 5 7 18 7 20 7 18 11 14 20 10 13 4 5 22 4 14 10 16 5 22 14 6
7 13 22 0 18 11 12 25 24 25 24 24 23 7 17 6 14 19 22 5 23 4 18 26 19 25 8 19 4 19 6 19 10 4 18 21 24 25 2 20 12 14 14 25 4 12 24
21 7 14 18 0 9 10 17 16 17 16 16 15 13 3 20 12 11 14 19 15 16 10 18 11 17 14 11 16 11 14 11 10 16 10 13 16 17 18 12 10 6 12 17 18 10 16
14 4 13 11 9 0 3 16 15 16 15 15 14 6 8 13 5 10 13 12 14 9 9 17 10 16 7 10 9 10 7 10 3 9 9 12 15 16 11 11 3 5 5 16 11 3 15
15 5 14 12 10 3 0 17 16 17 16 16 15 7 9 14 4 11 14 13 15 10 10 18 11 17 8 11 10 11 8 11 4 10 10 13 16 17 12 12 2 6 4 17 12 2 16
28 14 7 25 17 16 17 0 9 2 3 9 8 20 16 27 19 8 7 26 4 23 9 11 8 2 21 10 23 10 21 14 17 23 13 16 9 10 25 7 17 13 19 10 25 17 3
27 13 4 24 16 15 16 9 0 9 8 6 5 19 15 26 18 7 4 25 7 22 8 8 7 9 20 9 22 9 20 13 16 22 12 15 6 7 24 6 16 12 18 7 24 16 8
28 14 7 25 17 16 17 2 9 0 3 9 8 20 16 27 19 8 7 26 4 23 9 11 8 2 21 10 23 10 21 14 17 23 13 16 9 10 25 7 17 13 19 10 25 17 3
27 13 6 24 16 15 16 3 8 3 0 8 7 19 15 26 18 7 6 25 3 22 8 10 7 3 20 9 22 9 20 13 16 22 12 15 8 9 24 6 16 12 18 9 24 16 2
27 13 4 24 16 15 16 9 6 9 8 0 3 19 15 26 18 7 4 25 7 22 8 4 7 9 20 9 22 9 20 13 16 22 12 15 2 3 24 6 16 12 18 3 24 16 8
26 12 3 23 15 14 15 8 5 8 7 3 0 18 14 25 17 6 3 24 6 21 7 5 6 8 19 8 21 8 19 12 15 21 11 14 3 4 23 5 15 11 17 4 23 15 7
10 8 17 7 13 6 7 20 19 20 19 19 18 0 12 9 9 14 17 8 18 5 13 21 14 20 3 14 5 14 3 14 5 5 13 16 19 20 7 15 7 9 9 20 7 7 19
20 6 13 17 3 8 9 16 15 16 15 15 14 12 0 19 11 10 13 18 14 15 9 17 10 16 13 10 15 10 13 10 9 15 9 12 15 16 17 11 9 5 11 16 17 9 15
3 15 24 6 20 13 14 27 26 27 26 26 25 9 19 0 16 21 24 5 25 6 20 28 21 27 10 21 6 21 8 21 12 6 20 23 26 27 6 22 14 16 16 27 4 14 26
17 7 16 14 12 5 4 19 18 19 18 18 17 9 11 16 0 13 16 15 17 12 12 20 13 19 10 13 12 13 10 13 6 12 12 15 18 19 14 14 4 8 2 19 14 4 18
22 8 5 19 11 10 11 8 7 8 7 7 6 14 10 21 13 0 5 20 6 17 3 9 2 8 15 4 17 4 15 8 11 17 7 10 7 8 19 3 11 7 13 8 19 11 7
25 11 2 22 14 13 14 7 4 7 6 4 3 17 13 24 16 5 0 23 5 20 6 6 5 7 18 7 20 7 18 11 14 20 10 13 4 5 22 4 14 10 16 5 22 14 6
6 14 23 5 19 12 13 26 25 26 25 25 24 8 18 5 15 20 23 0 24 5 19 27 20 26 9 20 5 20 7 20 11 5 19 22 25 26 5 21 13 15 15 26 3 13 25
26 12 5 23 15 14 15 4 7 4 3 7 6 18 14 25 17 6 5 24 0 21 7 9 6 4 19 8 21 8 19 12 15 21 11 14 7 8 23 5 15 11 17 8 23 15 3
7 11 20 4 16 9 10 23 22 23 22 22 21 5 15 6 12 17 20 5 21 0 16 24 17 23 6 17 2 17 4 17 8 2 16 19 22 23 4 18 10 12 12 23 4 10 22
21 7 6 18 10 9 10 9 8 9 8 8 7 13 9 20 12 3 6 19 7 16 0 10 3 9 14 3 16 3 14 7 10 16 6 9 8 9 18 4 10 6 12 9 18 10 8
29 15 6 26 18 17 18 11 8 11 10 4 5 21 17 28 20 9 6 27 9 24 10 0 9 11 22 11 24 11 22 15 18 24 14 17 4 5 26 8 18 14 20 5 26 18 10
22 8 5 19 11 10 11 8 7 8 7 7 6 14 10 21 13 2 5 20 6 17 3 9 0 8 15 4 17 4 15 8 11 17 7 10 7 8 19 3 11 7 13 8 19 11 7
28 14 7 25 17 16 17 2 9 2 3 9 8 20 16 27 19 8 7 26 4 23 9 11 8 0 21 10 23 10 21 14 17 23 13 16 9 10 25 7 17 13 19 10 25 17 3
11 9 18 8 14 7 8 21 20 21 20 20 19 3 13 10 10 15 18 9 19 6 14 22 15 21 0 15 6 15 4 15 6 6 14 17 20 21 8 16 8 10 10 21 8 8 20
22 8 7 19 11 10 11 10 9 10 9 9 8 14 10 21 13 4 7 20 8 17 3 11 4 10 15 0 17 4 15 8 11 17 7 10 9 10 19 5 11 7 13 10 19 11 9
7 11 20 4 16 9 10 23 22 23 22 22 21 5 15 6 12 17 20 5 21 2 16 24 17 23 6 17 0 17 4 17 8 2 16 19 22 23 4 18 10 12 12 23 4 10 22
22 8 7 19 11 10 11 10 9 10 9 9 8 14 10 21 13 4 7 20 8 17 3 11 4 10 15 4 17 0 15 8 11 17 7 10 9 10 19 5 11 7 13 10 19 11 9
9 9 18 6 14 7 8 21 20 21 20 20 19 3 13 8 10 15 18 7 19 4 14 22 15 21 4 15 4 15 0 15 6 4 14 17 20 21 6 16 8 10 10 21 6 8 20
22 8 11 19 11 10 11 14 13 14 13 13 12 14 10 21 13 8 11 20 12 17 7 15 8 14 15 8 17 8 15 0 11 17 3 6 13 14 19 9 11 7 13 14 19 11 13
13 5 14 10 10 3 4 17 16 17 16 16 15 5 9 12 6 11 14 11 15 8 10 18 11 17 6 11 8 11 6 11 0 8 10 13 16 17 10 12 4 6 6 17 10 4 16
7 11 20 4 16 9 10 23 22 23 22 22 21 5 15 6 12 17 20 5 21 2 16 24 17 23 6 17 2 17 4 17 8 0 16 19 22 23 4 18 10 12 12 23 4 10 22
21 7 10 18 10 9 10 13 12 13 12 12 11 13 9 20 12 7 10 19 11 16 6 14 7 13 14 7 16 7 14 3 10 16 0 5 12 13 18 8 10 6 12 13 18 10 12
24 10 13 21 13 12 13 16 15 16 15 15 14 16 12 23 15 10 13 22 14 19 9 17 10 16 17 10 19 10 17 6 13 19 5 0 15 16 21 11 13 9 15 16 21 13 15
27 13 4 24 16 15 16 9 6 9 8 2 3 19 15 26 18 7 4 25 7 22 8 4 7 9 20 9 22 9 20 13 16 22 12 15 0 3 24 6 16 12 18 3 24 16 8
28 14 5 25 17 16 17 10 7 10 9 3 4 20 16 27 19 8 5 26 8 23 9 5 8 10 21 10 23 10 21 14 17 23 13 16 3 0 25 7 17 13 19 2 25 17 9
7 13 22 2 18 11 12 25 24 25 24 24 23 7 17 6 14 19 22 5 23 4 18 26 19 25 8 19 4 19 6 19 10 4 18 21 24 25 0 20 12 14 14 25 4 12 24
23 9 4 20 12 11 12 7 6 7 6 6 5 15 11 22 14 3 4 21 5 18 4 8 3 7 16 5 18 5 16 9 12 18 8 11 6 7 20 0 12 8 14 7 20 12 6
15 5 14 12 10 3 2 17 16 17 16 16 15 7 9 14 4 11 14 13 15 10 10 18 11 17 8 11 10 11 8 11 4 10 10 13 16 17 12 12 0 6 4 17 12 2 16
17 3 10 14 6 5 6 13 12 13 12 12 11 9 5 16 8 7 10 15 11 12 6 14 7 13 10 7 12 7 10 7 6 12 6 9 12 13 14 8 6 0 8 13 14 6 12
17 7 16 14 12 5 4 19 18 19 18 18 17 9 11 16 2 13 16 15 17 12 12 20 13 19 10 13 12 13 10 13 6 12 12 15 18 19 14 14 4 8 0 19 14 4 18
28 14 5 25 17 16 17 10 7 10 9 3 4 20 16 27 19 8 5 26 8 23 9 5 8 10 21 10 23 10 21 14 17 23 13 16 3 2 25 7 17 13 19 0 25 17 9
5 13 22 4 18 11 12 25 24 25 24 24 23 7 17 4 14 19 22 3 23 4 18 26 19 25 8 19 4 19 6 19 10 4 18 21 24 25 4 20 12 14 14 25 0 12 24
15 5 14 12 10 3 2 17 16 17 16 16 15 7 9 14 4 11 14 13 15 10 10 18 11 17 8 11 10 11 8 11 4 10 10 13 16 17 12 12 2 6 4 17 12 0 16
27 13 6 24 16 15 16 3 8 3 2 8 7 19 15 26 18 7 6 25 3 22 8 10 7 3 20 9 22 9 20 13 16 22 12 15 8 9 24 6 16 12 18 9 24 16 0
