100
2 48
48 49
49 50
50 51
51 52
52 53
53 54
54 55
55 56
56 57
57 58
58 59
59 60
60 61
61 62
62 1
3 63
63 64
64 65
65 66
66 67
67 68
68 69
69 70
70 71
71 48
4 72
72 58
5 73
73 74
74 75
75 76
76 71
6 50
7 77
77 50
8 78
78 79
79 80
80 81
81 64
9 82
82 83
83 63
10 78
11 79
12 84
84 85
85 63
13 85
14 54
15 74
16 61
17 86
86 87
87 77
18 66
19 63
20 88
88 59
21 80
22 57
23 67
24 89
89 90
90 84
25 66
26 78
27 91
91 54
28 92
92 67
29 57
30 93
93 67
31 55
32 94
94 95
95 96
96 69
33 51
34 57
35 95
36 97
97 98
98 99
99 95
37 84
38 100
100 84
39 72
40 65
41 77
42 71
43 86
44 100
45 59
46 77
47 79
