100
2 52
52 53
53 54
54 55
55 56
56 1
3 57
57 55
4 58
58 57
5 59
59 60
60 61
61 55
6 54
7 53
8 62
62 63
63 64
64 55
9 65
65 54
10 66
66 67
67 61
11 53
12 68
68 69
69 64
13 70
70 71
71 55
14 72
72 59
15 73
73 64
16 62
17 61
18 74
74 55
19 75
75 55
20 75
21 68
22 66
23 62
24 76
76 77
77 63
25 75
26 55
27 78
78 55
28 79
79 59
29 80
80 81
81 82
82 63
30 83
83 84
84 68
31 85
85 86
86 87
87 66
32 88
88 56
33 89
89 55
34 90
90 86
35 77
36 86
37 91
91 92
92 93
93 53
38 53
39 66
40 77
41 83
42 87
43 78
44 90
45 94
94 53
46 89
47 95
95 69
48 74
49 96
96 97
97 53
50 98
98 99
99 100
100 57
51 67
