100
2 92
92 93
93 1
3 94
94 92
4 94
5 93
6 93
7 94
8 92
9 93
10 92
11 95
95 92
12 92
13 92
14 93
15 95
16 94
17 92
18 94
19 93
20 92
21 94
22 92
23 94
24 96
96 94
25 96
26 96
27 93
28 94
29 94
30 95
31 92
32 95
33 96
34 94
35 97
97 94
36 96
37 97
38 97
39 92
40 96
41 94
42 93
43 97
44 96
45 95
46 98
98 94
47 98
48 93
49 93
50 95
51 93
52 98
53 98
54 92
55 93
56 95
57 98
58 96
59 94
60 96
61 97
62 95
63 96
64 94
65 96
66 97
67 94
68 95
69 96
70 97
71 92
72 94
73 97
74 99
99 92
75 93
76 100
100 94
77 100
78 98
79 92
80 96
81 95
82 97
83 97
84 95
85 99
86 98
87 94
88 93
89 100
90 93
91 97
