100
2 64
64 65
65 1
3 66
66 67
67 65
4 68
68 64
5 69
69 70
70 65
6 71
71 68
7 72
72 70
8 73
73 70
9 74
74 70
10 71
11 75
75 76
76 65
12 73
13 77
77 78
78 64
14 79
79 80
80 76
15 81
81 76
16 77
17 73
18 82
82 68
19 83
83 68
20 77
21 75
22 83
23 84
84 74
24 85
85 78
25 83
26 86
86 80
27 84
28 77
29 82
30 85
31 77
32 84
33 87
87 80
34 88
88 66
35 79
36 86
37 89
89 74
38 85
39 77
40 90
90 75
41 91
91 69
42 92
92 66
43 89
44 84
45 90
46 86
47 85
48 93
93 94
94 70
49 90
50 86
51 89
52 95
95 74
53 96
96 69
54 97
97 72
55 96
56 91
57 98
98 69
58 99
99 80
59 87
60 89
61 100
100 75
62 97
63 99
