100
2 36
36 37
37 1
3 38
38 36
4 38
5 39
39 38
6 40
40 41
41 42
42 43
43 44
44 45
45 37
7 46
46 47
47 42
8 48
48 41
9 49
49 50
50 46
10 51
51 49
11 52
52 53
53 50
12 54
54 55
55 56
56 57
57 48
13 58
58 56
14 59
59 55
15 59
16 60
60 61
61 62
62 50
17 63
63 64
64 58
18 65
65 66
66 67
67 68
68 69
69 50
19 65
20 70
70 71
71 72
72 73
73 53
21 74
74 75
75 76
76 77
77 78
78 48
22 79
79 80
80 81
81 76
23 80
24 82
82 64
25 83
83 59
26 84
84 85
85 55
27 86
86 87
87 88
88 89
89 90
90 62
28 91
91 65
29 83
30 92
92 63
31 93
93 85
32 94
94 80
33 92
34 95
95 96
96 64
35 97
97 98
98 99
99 100
100 69
