35
0 3 4 4 5 8 8 8 10 11 11 12 11 12 12 12 13 14 14 14 13 14 13 13 13 13 15 15 13 14 13 14 14 14 14
3 0 3 3 4 9 9 9 11 12 12 13 12 13 13 13 14 15 15 15 14 15 14 14 14 14 16 16 14 15 14 15 15 15 15
4 3 0 2 3 10 10 10 12 13 13 14 13 14 14 14 15 16 16 16 15 16 15 15 15 15 17 17 15 16 15 16 16 16 16
4 3 2 0 3 10 10 10 12 13 13 14 13 14 14 14 15 16 16 16 15 16 15 15 15 15 17 17 15 16 15 16 16 16 16
5 4 3 3 0 11 11 11 13 14 14 15 14 15 15 15 16 17 17 17 16 17 16 16 16 16 18 18 16 17 16 17 17 17 17
8 9 10 10 11 0 6 4 8 9 9 8 7 8 8 10 9 12 12 12 9 10 9 9 9 9 13 13 9 10 9 10 10 10 12
8 9 10 10 11 6 0 6 4 5 5 10 9 10 10 6 11 8 8 8 11 12 11 11 11 11 9 9 11 12 11 12 12 12 8
8 9 10 10 11 4 6 0 8 9 9 6 5 6 6 10 7 12 12 12 7 8 7 7 7 7 13 13 7 8 7 8 8 8 12
10 11 12 12 13 8 4 8 0 3 5 12 11 12 12 6 13 8 8 8 13 14 13 13 13 13 9 9 13 14 13 14 14 14 8
11 12 13 13 14 9 5 9 3 0 6 13 12 13 13 7 14 9 9 9 14 15 14 14 14 14 10 10 14 15 14 15 15 15 9
11 12 13 13 14 9 5 9 5 6 0 13 12 13 13 7 14 9 9 7 14 15 14 14 14 14 10 10 14 15 14 15 15 15 9
12 13 14 14 15 8 10 6 12 13 13 0 5 4 4 14 7 16 16 16 11 12 11 7 5 5 17 17 5 8 5 12 8 8 16
11 12 13 13 14 7 9 5 11 12 12 5 0 5 5 13 4 15 15 15 10 11 10 4 6 6 16 16 6 5 6 11 5 5 15
12 13 14 14 15 8 10 6 12 13 13 4 5 0 2 14 7 16 16 16 11 12 11 7 3 5 17 17 3 8 5 12 8 8 16
12 13 14 14 15 8 10 6 12 13 13 4 5 2 0 14 7 16 16 16 11 12 11 7 3 5 17 17 3 8 5 12 8 8 16
12 13 14 14 15 10 6 10 6 7 7 14 13 14 14 0 15 10 10 10 15 16 15 15 15 15 9 11 15 16 15 16 16 16 10
13 14 15 15 16 9 11 7 13 14 14 7 4 7 7 15 0 17 17 17 12 13 12 4 8 8 18 18 8 3 8 13 3 5 17
14 15 16 16 17 12 8 12 8 9 9 16 15 16 16 10 17 0 2 12 17 18 17 17 17 17 13 3 17 18 17 18 18 18 10
14 15 16 16 17 12 8 12 8 9 9 16 15 16 16 10 17 2 0 12 17 18 17 17 17 17 13 3 17 18 17 18 18 18 10
14 15 16 16 17 12 8 12 8 9 7 16 15 16 16 10 17 12 12 0 17 18 17 17 17 17 13 13 17 18 17 18 18 18 12
13 14 15 15 16 9 11 7 13 14 14 11 10 11 11 15 12 17 17 17 0 7 6 12 12 12 18 18 12 13 12 7 13 13 17
14 15 16 16 17 10 12 8 14 15 15 12 11 12 12 16 13 18 18 18 7 0 3 13 13 13 19 19 13 14 13 4 14 14 18
13 14 15 15 16 9 11 7 13 14 14 11 10 11 11 15 12 17 17 17 6 3 0 12 12 12 18 18 12 13 12 3 13 13 17
13 14 15 15 16 9 11 7 13 14 14 7 4 7 7 15 4 17 17 17 12 13 12 0 8 8 18 18 8 5 8 13 5 5 17
13 14 15 15 16 9 11 7 13 14 14 5 6 3 3 15 8 17 17 17 12 13 12 8 0 6 18 18 2 9 6 13 9 9 17
13 14 15 15 16 9 11 7 13 14 14 5 6 5 5 15 8 17 17 17 12 13 12 8 6 0 18 18 6 9 4 13 9 9 17
15 16 17 17 18 13 9 13 9 10 10 17 16 17 17 9 18 13 13 13 18 19 18 18 18 18 0 14 18 19 18 19 19 19 13
15 16 17 17 18 13 9 13 9 10 10 17 16 17 17 11 18 3 3 13 18 19 18 18 18 18 14 0 18 19 18 19 19 19 11
13 14 15 15 16 9 11 7 13 14 14 5 6 3 3 15 8 17 17 17 12 13 12 8 2 6 18 18 0 9 6 13 9 9 17
14 15 16 16 17 10 12 8 14 15 15 8 5 8 8 16 3 18 18 18 13 14 13 5 9 9 19 19 9 0 9 14 2 6 18
13 14 15 15 16 9 11 7 13 14 14 5 6 5 5 15 8 17 17 17 12 13 12 8 6 4 18 18 6 9 0 13 9 9 17
14 15 16 16 17 10 12 8 14 15 15 12 11 12 12 16 13 18 18 18 7 4 3 13 13 13 19 19 13 14 13 0 14 14 18
14 15 16 16 17 10 12 8 14 15 15 8 5 8 8 16 3 18 18 18 13 14 13 5 9 9 19 19 9 2 9 14 0 6 18
14 15 16 16 17 10 12 8 14 15 15 8 5 8 8 16 5 18 18 18 13 14 13 5 9 9 19 19 9 6 9 14 6 0 18
14 15 16 16 17 12 8 12 8 9 9 16 15 16 16 10 17 10 10 12 17 18 17 17 17 17 13 11 17 18 17 18 18 18 0
