100
2 62
62 63
63 64
64 65
65 1
3 66
66 65
4 66
5 67
67 68
68 69
69 64
6 70
70 62
7 71
71 62
8 72
72 73
73 74
74 64
9 75
75 76
76 63
10 77
77 73
11 78
78 73
12 78
13 78
14 78
15 78
16 79
79 66
17 79
18 80
80 73
19 81
81 82
82 65
20 81
21 79
22 79
23 79
24 79
25 83
83 67
26 83
27 84
84 82
28 83
29 83
30 85
85 86
86 87
87 63
31 85
32 88
88 67
33 88
34 88
35 88
36 85
37 85
38 85
39 89
89 70
40 90
90 71
41 91
91 71
42 92
92 93
93 87
43 90
44 94
94 70
45 92
46 94
47 95
95 71
48 91
49 94
50 96
96 97
97 76
51 96
52 98
98 97
53 99
99 75
54 100
100 97
55 100
56 96
57 95
58 99
59 96
60 100
61 98
