27
0 4 5 7 9 11 12 15 18 22 23 28 30 33 36 38 40 46 49 51 55 56 57 59 60 63 68
4 0 3 5 7 9 10 13 16 20 21 26 28 31 34 36 38 44 47 49 53 54 55 57 58 61 66
5 3 0 4 6 8 9 12 15 19 20 25 27 30 33 35 37 43 46 48 52 53 54 56 57 60 65
7 5 4 0 4 6 7 10 13 17 18 23 25 28 31 33 35 41 44 46 50 51 52 54 55 58 63
9 7 6 4 0 6 7 10 13 17 18 23 25 28 31 33 35 41 44 46 50 51 52 54 55 58 63
11 9 8 6 6 0 3 6 9 13 14 19 21 24 27 29 31 37 40 42 46 47 48 50 51 54 59
12 10 9 7 7 3 0 5 8 12 13 18 20 23 26 28 30 36 39 41 45 46 47 49 50 53 58
15 13 12 10 10 6 5 0 5 9 10 15 17 20 23 25 27 33 36 38 42 43 44 46 47 50 55
18 16 15 13 13 9 8 5 0 6 7 12 14 17 20 22 24 30 33 35 39 40 41 43 44 47 52
22 20 19 17 17 13 12 9 6 0 5 10 12 15 18 20 22 28 31 33 37 38 39 41 42 45 50
23 21 20 18 18 14 13 10 7 5 0 7 9 12 15 17 19 25 28 30 34 35 36 38 39 42 47
28 26 25 23 23 19 18 15 12 10 7 0 4 7 10 12 14 20 23 25 29 30 31 33 34 37 42
30 28 27 25 25 21 20 17 14 12 9 4 0 5 8 10 12 18 21 23 27 28 29 31 32 35 40
33 31 30 28 28 24 23 20 17 15 12 7 5 0 5 7 9 15 18 20 24 25 26 28 29 32 37
36 34 33 31 31 27 26 23 20 18 15 10 8 5 0 4 6 12 15 17 21 22 23 25 26 29 34
38 36 35 33 33 29 28 25 22 20 17 12 10 7 4 0 4 10 13 15 19 20 21 23 24 27 32
40 38 37 35 35 31 30 27 24 22 19 14 12 9 6 4 0 8 11 13 17 18 19 21 22 25 30
46 44 43 41 41 37 36 33 30 28 25 20 18 15 12 10 8 0 7 9 13 14 15 17 18 21 26
49 47 46 44 44 40 39 36 33 31 28 23 21 18 15 13 11 7 0 4 8 9 10 12 13 16 21
51 49 48 46 46 42 41 38 35 33 30 25 23 20 17 15 13 9 4 0 6 7 8 10 11 14 19
55 53 52 50 50 46 45 42 39 37 34 29 27 24 21 19 17 13 8 6 0 5 6 8 9 12 17
56 54 53 51 51 47 46 43 40 38 35 30 28 25 22 20 18 14 9 7 5 0 3 5 6 9 14
57 55 54 52 52 48 47 44 41 39 36 31 29 26 23 21 19 15 10 8 6 3 0 4 5 8 13
59 57 56 54 54 50 49 46 43 41 38 33 31 28 25 23 21 17 12 10 8 5 4 0 5 8 13
60 58 57 55 55 51 50 47 44 42 39 34 32 29 26 24 22 18 13 11 9 6 5 5 0 5 10
63 61 60 58 58 54 53 50 47 45 42 37 35 32 29 27 25 21 16 14 12 9 8 8 5 0 9
68 66 65 63 63 59 58 55 52 50 47 42 40 37 34 32 30 26 21 19 17 14 13 13 10 9 0
