100
2 28
28 29
29 30
30 1
3 31
31 28
4 32
32 33
33 31
5 34
34 35
35 32
6 36
36 37
37 38
38 35
7 39
39 36
8 40
40 41
41 42
42 39
9 43
43 44
44 45
45 40
10 46
46 47
47 48
48 49
49 43
11 50
50 51
51 47
12 52
52 53
53 54
54 55
55 56
56 50
13 57
57 58
58 52
14 59
59 60
60 61
61 57
15 62
62 63
63 64
64 59
16 65
65 66
66 62
17 67
67 68
68 65
18 69
69 70
70 71
71 72
72 73
73 74
74 67
19 75
75 76
76 77
77 78
78 70
20 79
79 80
80 75
21 81
81 82
82 83
83 84
84 79
22 85
85 86
86 82
23 87
87 85
24 88
88 89
89 87
25 90
90 91
91 89
26 92
92 93
93 94
94 90
27 95
95 96
96 97
97 98
98 99
99 100
100 93
