24
0 74 71 65 52 55 46 46 54 69 9 39 38 53 57 8 2 67 15 53 62 23 3 51
74 0 5 11 24 21 30 32 22 7 69 37 38 23 19 68 74 11 61 23 14 53 73 25
71 5 0 8 21 18 27 29 19 4 66 34 35 20 16 65 71 8 58 20 11 50 70 22
65 11 8 0 15 12 21 23 13 6 60 28 29 14 10 59 65 4 52 14 5 44 64 16
52 24 21 15 0 5 8 10 4 19 47 15 16 3 7 46 52 17 39 3 12 31 51 3
55 21 18 12 5 0 11 13 3 16 50 18 19 4 4 49 55 14 42 4 9 34 54 6
46 30 27 21 8 11 0 4 10 25 41 9 10 9 13 40 46 23 33 9 18 25 45 7
46 32 29 23 10 13 4 0 12 27 41 9 10 11 15 40 46 25 33 11 20 25 45 9
54 22 19 13 4 3 10 12 0 17 49 17 18 3 5 48 54 15 41 3 10 33 53 5
69 7 4 6 19 16 25 27 17 0 64 32 33 18 14 63 69 6 56 18 9 48 68 20
9 69 66 60 47 50 41 41 49 64 0 34 33 48 52 3 9 62 10 48 57 18 8 46
39 37 34 28 15 18 9 9 17 32 34 0 3 16 20 33 39 30 26 16 25 18 38 14
38 38 35 29 16 19 10 10 18 33 33 3 0 17 21 32 38 31 25 17 26 17 37 15
53 23 20 14 3 4 9 11 3 18 48 16 17 0 6 47 53 16 40 2 11 32 52 4
57 19 16 10 7 4 13 15 5 14 52 20 21 6 0 51 57 12 44 6 7 36 56 8
8 68 65 59 46 49 40 40 48 63 3 33 32 47 51 0 8 61 9 47 56 17 7 45
2 74 71 65 52 55 46 46 54 69 9 39 38 53 57 8 0 67 15 53 62 23 3 51
67 11 8 4 17 14 23 25 15 6 62 30 31 16 12 61 67 0 54 16 7 46 66 18
15 61 58 52 39 42 33 33 41 56 10 26 25 40 44 9 15 54 0 40 49 10 14 38
53 23 20 14 3 4 9 11 3 18 48 16 17 2 6 47 53 16 40 0 11 32 52 4
62 14 11 5 12 9 18 20 10 9 57 25 26 11 7 56 62 7 49 11 0 41 61 13
23 53 50 44 31 34 25 25 33 48 18 18 17 32 36 17 23 46 10 32 41 0 22 30
3 73 70 64 51 54 45 45 53 68 8 38 37 52 56 7 3 66 14 52 61 22 0 50
51 25 22 16 3 6 7 9 5 20 46 14 15 4 8 45 51 18 38 4 13 30 50 0
