100
5715
30256 8589
-25507 8749
-63513 7349
-15501 3091
-52133 2453
69239 2607
61961 6363
18729 8771
52181 4690
14600 238
59956 1794
-27466 5622
-84397 775
36295 3379
55067 8643
-26646 5986
49014 7544
82977 3030
-51857 7289
-54591 4423
30497 3918
-91352 5272
63000 3662
50575 5457
-94234 4840
29428 6325
38365 7461
-15705 3224
-85067 2339
88291 2802
-10378 7167
85306 303
26996 7790
79234 6110
-83084 4948
54426 1268
38066 6695
-50756 3196
18990 6257
29920 1651
-60647 581
25312 2192
55280 5545
20535 2226
-56002 3621
72746 5011
30215 5839
-76511 6816
-36076 3240
-2560 641
-80627 5642
-42680 5135
-51401 365
-90669 2720
16494 3020
-33192 4511
95455 5663
-81675 681
12883 1340
50878 4943
-39527 4930
-63639 4061
2819 4674
-52074 3414
-98492 973
16873 3572
89588 1552
27281 7239
55297 144
-51888 2415
-50053 2699
97489 8410
75931 481
-29259 224
-62786 6537
51371 3177
99063 380
-80626 5550
-92510 4918
-89331 4540
-32796 3018
-39487 6695
-31583 4211
-79698 6061
-49830 3210
-95272 3880
79385 1639
-46609 8303
-95510 8276
38148 3832
68411 6443
53329 7475
-9062 7890
-70155 5377
12246 995
94183 8679
-3493 8248
55835 8250
-32364 467
87965 6451
