1000
5607
47145 2031
87780 4929
-14807 4305
-3226 6
67408 2594
-64288 6706
56039 1919
-87568 669
-3730 6507
90708 3577
25828 154
-57310 5260
78156 5297
-19369 1225
50787 6382
-68549 3783
67059 2453
59205 6449
57843 2945
-67132 7802
50105 8261
49509 5702
94857 2805
20748 8585
90763 3308
34785 2801
61076 2207
-44371 4452
-83488 3235
-25858 1655
-7708 1737
32336 3779
69353 4918
86878 4065
23376 7133
-56045 523
62829 4014
-14344 4767
-62448 1236
-53870 6618
-9902 114
59210 2615
24570 302
-70997 398
-37362 3119
17963 285
-43746 4710
-5221 5493
21090 2627
5692 2010
63142 960
50922 6893
-37088 7438
35641 3160
-76004 8326
78776 7464
-46297 5867
-97622 4228
-75973 1604
-4914 4746
-54036 483
-94223 4256
89711 4786
-21825 1926
73367 4887
84606 8099
73668 3281
-29354 2092
-11259 8813
-16009 5401
-94733 917
-16273 2287
57854 5513
-86104 1810
94229 442
-44942 721
-64468 4644
49303 2513
-79623 242
26289 4993
75478 5439
32048 3593
-5612 2610
68524 3884
-67842 2745
-49950 6828
-13714 3181
-83846 4330
62473 533
-65297 740
20669 3161
-95965 2162
3124 7728
-81387 1244
-37007 6592
-27215 4345
-27886 6010
47983 959
17684 7970
62302 3843
-83568 7130
35561 913
-88804 6414
-12393 6432
32644 2811
-83308 1606
60297 3733
14030 993
6713 1121
95997 5351
-99932 5812
-97919 7745
94854 1937
-59988 4613
-37128 2771
96901 3591
-65342 8687
-97956 3691
51217 133
-48619 5500
-77767 3863
77757 3235
-36733 2896
-42550 4736
39884 7775
23441 2033
51298 2440
34541 4729
79238 6987
-43649 8841
59884 582
-94056 7878
70426 863
-73196 5861
77290 8678
97453 6710
97564 7616
99515 843
91248 3327
68632 8031
34204 5
-80109 1089
-96223 8420
70725 6219
-62629 7008
78642 808
-60122 4735
43691 1410
-96508 6291
57748 7110
29407 720
-86923 5496
80198 7374
-8052 5895
-47653 2003
16916 1740
-47483 7583
27938 2752
-49192 5572
15275 1322
-73389 707
33393 7639
-32210 8649
34749 3986
-89737 1998
-76514 67
-3947 5346
-78957 2073
96209 6422
33690 8710
-59554 610
-65781 3218
-4460 8347
-39967 8210
70435 5696
-29282 8536
-77792 8384
-41200 3738
-50982 1250
93178 2968
-40925 2542
-18061 1788
69239 360
-74003 2886
55148 5722
-78086 2387
-39195 2643
-65266 2511
67326 4182
-19141 3175
44872 7757
-51977 2644
86936 5165
73401 1513
39456 8287
-42129 815
-17471 4975
26354 6107
29520 2642
8171 5490
-75724 4214
-12446 2173
-80844 8056
-61114 5737
-37529 2512
-62988 5056
-92378 3568
24804 3050
82852 2902
-91129 77
-52869 7095
39189 4470
-42184 8626
73400 1211
-34999 8339
-39015 6682
8541 7641
-25563 3944
-53563 5321
-44631 1193
18850 7547
47238 3570
73755 176
-34552 620
49873 8164
-45269 4788
-6952 8593
25300 7977
-75099 5365
-29240 8409
-20439 8493
-54116 244
34018 4844
-38838 2144
68351 7738
71447 8351
-36304 6639
78468 2905
-35950 1740
-60834 5587
-38412 2222
80408 7047
-87027 7466
-68437 2571
-60807 6537
66328 5722
-32107 1645
9854 4954
31733 7570
-28788 2603
59515 2519
-1516 667
55505 6531
-2540 4984
-81143 5554
-7922 7104
72439 3798
85589 4360
-35993 3451
-91813 4993
-2375 1638
-3958 5165
-76724 8373
80933 5121
-96507 817
-80510 2842
98200 8669
38292 2017
86117 5576
-39168 7148
-62080 3827
31691 1419
93426 1147
63604 4865
-44072 2876
-54374 1502
-72563 7995
-43927 4189
78164 5963
-42321 1189
7658 6626
-31564 6619
-25789 4949
-62521 5924
96486 978
-57911 1577
68270 493
34393 4779
98716 699
-68703 1064
-21973 1617
-78715 7669
-37613 6850
28954 5560
-44676 959
40926 7278
93327 6748
-66266 5729
-69233 765
71444 5564
62444 8719
80021 4866
-76851 7655
93017 6093
3958 3025
-70106 5569
-66133 5212
-50596 6436
-81697 4549
-79017 7867
-56170 5694
88595 4489
-85757 4489
19916 8509
19061 4452
-183 7648
73860 333
-91311 894
79465 2628
11391 7445
-43929 6021
39328 1591
-85972 6809
83424 7327
90051 8522
-91899 6495
94268 2941
-1073 1814
84515 5842
-68836 7901
-2202 4913
-85012 2862
-51944 8250
-5989 7006
-27934 7354
27066 1326
-66810 7082
-94863 9
-9852 4792
-21119 515
21097 577
84208 894
42460 2907
29805 5543
-26185 2500
72360 6367
20807 3070
-26052 4131
-86792 689
61877 5769
-31375 845
-75147 1179
-22325 7515
80064 8267
5252 6087
-92325 8670
82147 3967
-7309 5706
60957 8462
96626 5337
12663 5561
-61212 7309
-54304 1355
-50574 4596
-49351 1735
99388 816
-38926 4376
55170 4069
2657 2312
82996 5494
94249 976
-78618 3268
39401 2506
-13083 1921
55386 2090
-16360 5587
26046 7123
-22065 2431
-87365 648
-84297 7405
-64031 7267
36440 862
-28372 4479
88372 7900
-31586 2014
-52902 1191
53539 2376
-72974 6721
-95962 8760
-50326 6201
10731 1556
-71384 8678
-30266 6787
-99458 6291
74074 7760
29945 1320
-35057 3595
-84529 6108
-16022 815
35826 8339
21390 7126
-99041 1083
-85617 1679
-34731 3462
-7141 7093
22711 6798
-35295 2288
-69192 1660
35418 1824
-12982 6322
10580 3860
74954 1106
-34630 4916
68908 601
-80182 125
71168 7934
-26508 5817
-92647 1152
60989 1034
60936 3322
-4329 2427
-84284 5589
13635 229
-78896 2428
33164 1568
17172 2829
-99280 6903
88571 502
-22893 6919
40862 8396
70035 7479
-36343 6283
-62599 6673
65392 3378
89222 8528
-619 3449
30210 1463
-69783 3854
-92632 2519
-39032 25
75724 7823
94040 1150
2242 1448
90691 4801
-74913 190
-75381 567
97481 1282
86691 2119
-77910 3151
22047 2765
-29341 1500
-59100 5544
-32077 4610
-72435 3379
-32841 234
43671 6345
85434 5109
-54913 7693
83945 147
33830 3442
-1584 4773
91660 6506
-4670 3152
21529 8506
59302 8284
50483 1883
-39335 1420
82725 6295
26590 6835
52321 4324
3814 6510
54271 3461
88581 5857
77203 2237
5468 2620
67542 5262
-54675 7112
42025 517
47694 4832
-36095 1079
-7817 7589
79545 4392
-53313 883
87635 7052
-60399 7776
62886 2348
83238 2513
10972 2421
81985 2060
34008 2292
-46012 4284
-32604 1142
-91368 8780
83337 4813
-97464 2508
27719 7002
49875 3030
31042 1479
-95499 6517
21721 4613
32473 7142
-9312 5210
77443 2927
-73030 1327
70134 5549
-64615 6388
-90939 7927
99429 5591
-1734 3096
30147 431
31777 983
70209 7300
4014 3982
-65201 3054
-74598 19
99973 490
42440 5304
82865 1158
-46773 284
-28460 7147
44799 7904
-36347 67
-74049 5581
-66499 5551
44898 7741
-78278 1406
280 1990
-55956 4323
-45771 7649
-80669 4190
48921 5009
-70668 6358
92093 8524
18572 2505
-54995 2013
-86654 4008
90162 1146
3785 3694
83090 255
-25973 6179
-40339 1804
-12830 1067
44900 5899
-27358 7371
43916 7082
-24288 2924
-16875 5094
89397 7716
-55659 1543
96867 2169
-54695 5621
-40487 8345
-997 2003
17840 2400
73368 3340
-74082 3712
77526 8608
58746 5712
16713 329
-44874 8711
95896 3749
-71140 2707
24468 8034
-9892 2332
4976 6404
-97520 852
-81557 4750
-65 1523
6328 4313
-87476 3475
-2983 8319
-26180 1680
12526 6844
-81531 4768
96343 4668
-5316 966
71347 3290
-86263 2405
97945 7391
9966 3265
-24162 5735
26508 5920
-7863 2870
-6788 2957
-32320 8435
91202 1269
-37283 7864
96545 4383
-56735 3366
-35255 5321
29872 111
90835 3387
-69215 3867
-88486 8739
10063 7069
16716 2835
-26079 2412
-17861 4088
10880 6701
49126 3037
-6820 355
-95145 3182
-44885 8847
-11548 1550
16470 578
81450 7011
-18100 686
-49722 6971
41217 4795
-25355 1246
-71548 2167
6299 6894
81324 7143
-55767 1640
-77660 2975
42585 7904
-9375 5995
60887 6124
16859 1460
-25717 753
-15802 5347
-91059 1000
-20643 6856
8627 8273
-63075 5899
-63680 6273
23581 7917
60659 7773
67527 320
-12682 5754
77859 7847
-20421 7681
-21210 3349
-70614 4316
31028 7103
-28404 7109
-30501 8186
-271 2677
7712 4709
-25818 4012
90848 5875
43064 7190
-7174 321
59327 4361
52602 2226
57995 2904
17231 3236
-96549 8424
-89137 6656
32703 6248
-23857 3508
-13846 1825
-34270 2687
-94472 1008
-90035 7222
98608 7998
23706 4625
-46438 4621
-48621 8656
30696 6145
-33463 5768
-46901 8370
19403 1576
-86770 278
71442 8096
27126 2620
27295 7956
62601 5360
18291 5201
-68701 6676
79235 1805
84455 5335
-61650 1499
64558 367
-45958 1969
-87605 7632
69835 1761
-73188 2552
-78301 2407
99851 3
86029 6461
15838 8414
3550 2031
3832 8327
-18732 2050
-35898 1378
45684 6373
73045 2833
61526 6448
83044 5537
-43291 8002
14058 4780
-97680 6416
24588 7467
5757 4731
88342 7699
-40973 2901
-14912 1777
-14348 6505
62650 4024
-61483 1959
59581 3277
95782 7409
-74463 7536
30 2036
97068 6566
-5340 7995
-21259 5375
-99823 4913
-59641 885
68555 3744
8328 397
70037 3541
64411 4184
17496 4121
7609 4654
-8934 3521
-56866 3345
46054 543
-40649 6444
-30622 2140
13044 7501
-51756 7937
-18648 4919
8191 7227
17777 4311
91017 6858
-46835 7613
-17328 7938
-38712 6712
59154 8338
-37308 1310
64033 6899
-95363 1642
23392 691
-56278 2493
79992 3145
-82551 5968
3309 6112
-26285 6411
50722 7182
-98399 2734
-3723 3514
4108 8342
-23598 1359
95923 7991
32009 5879
54437 2277
-80599 1052
14859 3703
-45499 888
-58896 4884
37210 790
-13328 7632
-61550 1854
38400 7864
-63046 6793
81238 4334
-91529 2897
-5065 4090
-18639 6148
44557 2543
-39388 4975
18699 440
43732 7984
-27868 8819
-68054 7289
21023 3456
-32431 7025
45134 2908
63483 2309
-30967 615
78998 127
94596 2011
-63203 323
86956 3414
-48498 5272
54212 1935
-21135 1359
47929 7081
45080 8803
47284 3089
23585 3273
48755 608
87095 7685
-11512 334
17375 1381
44947 8157
-25689 8637
88869 8491
21348 4823
-50060 3374
91061 7483
20521 4039
12831 5592
-63478 2097
-60128 5986
-70885 4273
96860 8192
-50063 3892
-50566 6685
48685 5470
62182 2105
59167 7593
79605 6469
16902 1502
-23623 4998
-49066 4860
83188 136
-90724 7254
-96297 6966
66318 4360
-61564 667
-17330 8259
-10323 5920
-2643 6441
-65185 2207
71279 6304
-42799 4472
31146 6427
-5599 2340
56162 1250
-95650 3556
34493 6523
9287 8021
91645 214
-37746 166
-82738 2836
39274 2643
22125 5495
-8614 2585
-12438 4034
17066 5034
-39412 5448
67917 7211
37337 5506
91954 85
26954 2905
26162 2191
88887 1944
91382 1160
-17431 2735
72577 4203
5363 2710
3999 7763
52660 1944
-3797 388
85383 2917
27118 6339
-44207 6074
-3234 7609
-57671 7896
95217 2318
71636 967
-36561 6785
-54027 7248
-10839 1553
-63929 5607
-74065 1203
78109 2764
-11878 3979
34161 3468
-91425 1021
-77334 3638
-46071 3771
72912 3002
26985 5146
-90098 2729
4099 5770
94938 5233
35268 8378
14473 3596
7387 5473
-56917 1070
-40664 4985
17657 2643
53880 6131
-18568 8622
34621 6417
-87496 4580
61152 3813
81323 4952
-40641 3786
-44160 794
-12769 5739
-44985 6134
10141 8293
38831 4920
57142 8288
-12915 2213
19199 3109
37373 5552
54049 4566
-64019 4499
78165 3380
28677 7532
-44916 5339
68635 3233
27412 4790
-42022 6764
-43895 3465
-54763 4040
98969 6715
14250 3166
-95224 5491
80171 8133
52592 4363
57985 1298
-94738 824
-87557 4473
48554 6503
-75125 8020
-76993 5316
-84483 7229
-5766 3733
86416 205
-75357 8649
-75233 3662
-83904 1691
28465 5145
76546 4796
-72555 5919
67426 2733
16697 6510
-25713 3051
-24085 5528
35506 5785
-64515 4332
-16048 2749
66250 4088
-10899 7166
-13208 3259
32300 576
85777 1807
-48651 6207
-4420 980
-72785 8632
21043 6099
15239 8096
25538 4276
13821 7761
83670 6623
88429 3206
68734 1934
48082 912
-36983 2360
-63178 4406
-1060 1629
52358 3648
87576 1727
36872 8683
-92704 55
-536 501
20975 3258
98257 7742
-38608 3312
80776 6761
-14541 2455
-6765 3486
-23320 7777
-94663 1203
-16074 5141
-90532 8809
-24799 8552
-55913 4586
-71274 2788
-49690 3040
-76354 1511
-53556 2599
61072 6305
13651 6555
29607 6298
-36166 4275
-37430 2378
54847 3094
70427 8498
-62420 7954
78292 6554
-29600 1556
50635 8598
-55727 6407
-63564 2240
62533 4026
-45345 743
-36240 8490
1373 1672
70067 4109
10680 7547
-82054 178
87298 6426
-82425 254
-71123 7686
-54285 8218
74071 7364
78931 4988
-6540 2915
40282 6810
-70584 2201
377 7242
25379 6784
