1000
8683
8177 749
29121 2619
48533 4315
-46938 4113
80501 7127
-86272 7631
-26741 2371
-11474 1036
51771 4534
93847 8224
50606 4487
2897 332
-74091 6518
-74179 6556
23102 2067
16288 1501
82949 7327
87781 7719
-94562 8300
46149 4050
-49268 4321
-94406 8278
-73784 6506
43379 3806
-64429 5694
-5041 484
87604 7702
47963 4206
60872 5419
-81049 7159
-27178 2383
-587 68
-46265 4119
76682 6742
76053 6736
30979 2759
27642 2461
-20437 1832
-21608 1937
-2898 270
84240 7427
26392 2317
40799 3630
-47722 4189
-369 68
13232 1185
-68814 6104
-79731 7012
72380 6345
-14353 1305
-70254 6180
37332 3276
-21226 1924
-41601 3687
40862 3653
-40053 3560
-61200 5383
-56918 4988
-53126 4683
74992 6577
-62949 5553
88179 7753
-4809 441
-48546 4289
-16040 1434
60036 5334
78944 6979
58740 5197
40314 3590
-49532 4345
-6140 547
44301 3945
-43855 3852
-52411 4625
-56148 4943
-36201 3256
79577 6970
-46108 4092
22362 1963
-29903 2619
9314 852
-27090 2376
48094 4281
-97339 8598
-36176 3226
-13793 1262
-16214 1435
71577 6350
55459 4898
-48694 4338
24589 2204
30350 2709
92580 8137
-56106 4995
-97228 8567
-93839 8250
36853 3285
-11999 1127
-79042 6931
47254 4212
-53644 4783
-78306 6872
11113 1013
-25599 2260
3605 368
20345 1847
78912 6991
-49868 4449
-21305 1941
22944 2023
-92131 8135
44585 3917
-47083 4175
-72603 6372
38321 3419
95317 8392
-9230 874
54860 4838
5361 509
-58818 5215
-98379 8673
93955 8239
-49147 4365
87178 7691
87145 7681
61653 5484
-62134 5485
-48090 4217
40302 3588
72999 6420
-12684 1117
41775 3736
67869 5992
-77705 6856
-18982 1674
-5180 516
-70573 6209
34018 3045
-86781 7607
70098 6193
84088 7421
-26534 2345
-74831 6622
9347 880
80461 7069
4185 433
-94925 8351
-73052 6400
-38079 3418
30527 2680
-19855 1810
-19761 1730
-28304 2518
-75641 6667
-77911 6841
44441 3973
-14869 1305
69252 6117
15856 1393
3463 327
15909 1418
22972 2093
-39592 3475
71718 6349
-15796 1457
29599 2676
-66176 5847
21838 1957
-82004 7239
-40624 3617
-80575 7080
-72190 6375
-54290 4758
45946 4104
76388 6764
52065 4569
-89902 7889
-49964 4434
-81069 7136
6210 601
94456 8288
-55007 4831
35219 3129
-85046 7509
87774 7765
-3488 386
-47632 4248
92518 8108
-23616 2099
94935 8352
-90628 8011
-85532 7495
-46121 4077
60383 5368
-36523 3281
37692 3301
-85047 7536
-91313 8036
-36260 3241
-81952 7257
-47545 4183
-23276 2125
53570 4701
78904 6959
81018 7141
-87992 7787
20815 1865
55270 4854
78414 6888
-10150 959
-36644 3284
-63823 5635
71593 6280
-71127 6315
75120 6621
-3899 391
-47067 4181
-27795 2482
7668 687
22416 2011
17416 1591
86446 7573
34060 3037
64633 5715
-43658 3897
68855 6083
41581 3683
28125 2466
2104 212
-3091 302
96711 8489
84366 7449
-15240 1397
-34375 3024
-19690 1750
81885 7219
-21749 1992
44645 3978
58987 5212
-88257 7761
-89982 7907
-81502 7196
-4064 380
13330 1240
61480 5454
49289 4357
9132 808
-60114 5278
-64227 5698
-92589 8182
17396 1599
84223 7441
43450 3890
15114 1378
-89722 7938
-33161 2919
-62755 5534
45175 4024
-64948 5734
-55305 4915
14449 1283
-80628 7067
23876 2139
-84033 7368
-16699 1474
-59607 5221
-52077 4561
-81885 7239
-34181 3082
-88867 7842
21145 1874
24413 2144
42764 3764
7609 716
77245 6768
54650 4790
-79522 7009
-8218 799
-12351 1093
-22116 1959
1294 160
44162 3955
36636 3282
-61619 5467
54414 4795
-10943 1038
-57715 5123
-76615 6788
43527 3844
-92439 8161
-67653 5995
42281 3713
44438 3935
-72015 6332
84711 7448
-55826 4948
58112 5178
-22140 1979
-86083 7609
54108 4740
29256 2601
88432 7748
-15112 1333
-41098 3614
31581 2836
-68113 6001
-55700 4890
24888 2262
62978 5603
-21130 1923
67496 5916
-45655 4082
98128 8640
47282 4195
-22947 2040
-70974 6221
-35415 3113
44197 3932
-43163 3789
55080 4883
-83400 7333
76984 6805
-37051 3332
45786 4089
80197 7110
-37696 3380
-70682 6199
58491 5141
79990 7075
-77133 6763
10639 986
-14113 1302
23639 2099
47607 4229
-68304 6053
46015 4100
36037 3206
-35418 3187
66633 5920
80651 7133
52212 4590
-91273 8040
90867 8036
34340 3086
-5476 523
70433 6169
52189 4625
-95745 8444
40087 3585
-30802 2725
61184 5419
66403 5868
-54300 4825
-99178 8753
-96680 8547
37995 3402
1682 161
-4153 445
7957 750
75791 6723
97743 8608
-25172 2251
-90733 7981
-98973 8705
-8216 786
28511 2550
-34002 3055
30455 2707
-71171 6315
-41500 3661
-89187 7867
-82802 7260
80236 7038
-99273 8768
-10329 910
-11542 1087
-73070 6414
46089 4068
63546 5651
-43949 3883
75278 6666
83582 7404
-10390 934
50971 4485
-18372 1685
33756 2982
88405 7791
-85396 7523
44614 3963
80821 7161
-37478 3367
-27334 2409
-87337 7734
-79773 7012
-8804 838
99614 8766
81646 7174
59008 5196
52029 4598
45960 4059
-87265 7695
65546 5772
27738 2467
42637 3781
55812 4896
-98209 8617
88852 7786
8882 797
71749 6314
-93505 8197
74991 6574
95063 8399
-77697 6872
36507 3237
-83444 7380
65586 5813
53029 4691
32679 2907
-2802 314
27179 2453
-43748 3903
-38066 3368
94387 8300
-639 100
-31784 2791
97424 8608
50622 4449
2299 241
-73613 6491
43293 3838
5403 549
-80676 7135
72668 6406
12104 1064
-37676 3315
68883 6056
-78464 6949
-79939 7045
-91331 8073
-12378 1118
-21491 1935
93643 8214
87755 7745
-12512 1116
59179 5269
-22534 2040
-89370 7864
-82757 7297
-40917 3636
-99887 8830
72805 6445
-70731 6263
-76225 6701
-75438 6683
-34644 3100
-2401 266
98966 8677
64612 5701
91894 8058
-48409 4298
-72325 6335
-82481 7249
-85664 7547
77387 6793
-26460 2363
45147 4026
-99396 8788
4223 414
32574 2911
17706 1637
28410 2569
25523 2241
-19384 1739
3565 374
96969 8526
33433 2975
59556 5277
-39531 3467
37555 3341
5358 548
37174 3329
-46360 4119
-35382 3139
4714 424
-56329 4942
82021 7241
-21621 1976
-53954 4736
81899 7213
-53094 4702
32744 2896
97819 8620
13374 1255
-52734 4696
-7108 661
-58674 5212
-37632 3368
-41965 3729
28515 2525
57227 5060
27781 2497
-25997 2323
-51308 4518
-30758 2728
45012 4012
-17228 1531
3918 422
-87396 7711
94511 8321
258 97
20042 1835
-23490 2107
25844 2312
-88941 7855
-9086 854
67625 5992
-72939 6390
19468 1776
-38343 3417
48282 4277
3300 338
29224 2610
-26505 2344
-42310 3743
55621 4948
-43615 3894
22828 2066
-38240 3428
-54877 4872
75474 6651
-79462 6966
94978 8348
-35457 3133
-21452 1951
81201 7188
-40056 3566
7952 758
90399 7982
-10803 1012
9921 946
-30933 2716
40590 3604
2470 240
-26443 2366
52482 4647
11636 1092
-78237 6896
15149 1396
-56984 5069
6979 630
-72514 6395
44070 3903
-31971 2809
3961 370
57472 5122
67597 5928
-18075 1663
68219 6009
91260 8040
19027 1707
-92723 8205
47982 4220
-33743 3008
8406 813
37717 3326
-63810 5594
-88851 7785
25527 2308
-18530 1676
87318 7669
-75784 6712
40267 3552
-13405 1249
24934 2238
6698 611
49830 4394
70621 6218
92053 8072
-19379 1757
76842 6811
-96687 8531
-67956 6025
7110 709
-19922 1778
68197 6038
53945 4737
63692 5635
-29026 2605
45750 4062
-97114 8534
-40757 3618
-5055 446
98759 8676
-90453 7987
59675 5274
70456 6214
3615 317
-25165 2238
-45802 4054
-93922 8258
-16806 1492
-55436 4858
51113 4496
-25323 2297
-41178 3665
86054 7613
-38220 3398
49804 4419
16938 1568
-44504 3916
-65249 5763
34842 3062
-2601 241
-42346 3752
-79089 6965
93303 8227
90117 7970
-90904 7996
-62319 5465
-77060 6765
-29962 2651
33682 2963
-263 88
49786 4442
96825 8490
-4570 422
87875 7735
86122 7630
-999 161
51155 4563
-94797 8331
71939 6373
98119 8677
-52725 4681
68430 6077
-61251 5392
-54599 4811
61790 5470
-29660 2677
-36677 3251
-10626 992
16170 1455
34409 3076
69732 6188
-24255 2190
-29711 2657
-86137 7629
-13259 1192
-74299 6576
-9154 869
-96804 8544
-69619 6156
85781 7575
2594 299
49634 4422
-93273 8249
78639 6925
13576 1221
91984 8105
-61365 5416
-92698 8179
42547 3774
-89255 7896
-57007 5018
67961 6003
7237 639
-91770 8111
-23405 2086
14887 1345
-53356 4757
52351 4633
-98871 8728
-33476 2939
-14523 1328
-35434 3143
48010 4228
58907 5243
-61645 5480
17753 1580
-29129 2569
-92434 8160
-85153 7514
-64163 5655
-1850 177
-6599 624
-1010 129
75808 6697
70174 6174
18646 1700
29087 2555
36848 3280
-66248 5866
3604 392
66152 5846
96155 8493
-10020 957
-22317 1998
5333 514
64543 5655
-48123 4249
-29144 2567
-5020 463
91171 8030
-59090 5261
96197 8511
-77189 6823
3624 365
1466 193
74846 6557
71285 6289
41798 3686
30252 2682
-2224 197
63740 5636
-2843 288
-17345 1581
-95911 8482
-42252 3751
13966 1294
52952 4648
45602 4056
53644 4755
-14587 1295
13902 1276
-9348 820
87898 7724
31267 2809
-42996 3831
44669 3961
-66302 5892
-14849 1309
26573 2414
57866 5096
-34540 3082
-37623 3359
42259 3710
-21287 1868
42446 3764
-43612 3879
-47215 4143
-18468 1632
17744 1610
2887 284
58517 5125
-17482 1595
-82309 7242
-93951 8241
-11697 1066
-49460 4409
-41536 3703
32043 2855
-73147 6490
31030 2800
16689 1485
31169 2786
80246 7043
-21828 1976
32393 2854
30808 2710
-9672 933
47893 4245
-36332 3211
35584 3174
-31041 2726
-20248 1832
-4419 438
4911 477
84563 7460
39923 3546
-96610 8475
84403 7468
50278 4434
-82900 7320
-27075 2438
-27202 2437
84180 7397
-32223 2906
79517 6968
81986 7248
32706 2952
16770 1514
-75624 6698
46069 4090
-87354 7729
78897 6951
46017 4048
23709 2091
-43782 3860
87359 7736
-55738 4937
-60782 5402
55647 4932
72144 6320
-13978 1297
77095 6767
-45464 4035
-56974 5064
-32762 2883
11988 1082
44250 3880
24145 2151
-37926 3338
-23379 2092
83695 7410
-92060 8116
-9133 878
-17919 1651
-44380 3967
97399 8566
56644 4980
66176 5860
65722 5799
-95914 8481
35541 3197
-69426 6167
-40557 3577
-27587 2449
92566 8117
-19765 1788
-67522 5925
97206 8516
-68611 6097
86433 7608
82022 7202
29978 2683
51054 4507
-13327 1246
-11922 1130
-15383 1355
72938 6428
78875 6937
-16696 1522
56147 5006
59684 5316
23906 2158
-55762 4901
-40364 3604
77349 6815
75623 6693
41402 3702
83902 7384
65222 5765
37009 3245
-90067 7934
37898 3373
-23508 2059
-12777 1171
42082 3729
35323 3153
-80548 7064
-43559 3815
737 107
-10951 1013
-62818 5559
81232 7117
40984 3596
-19032 1738
57319 5082
20580 1813
82177 7223
-36236 3175
6888 665
70485 6196
19695 1725
79892 7059
27986 2457
79839 7048
-64059 5674
6499 600
-28374 2560
55655 4913
-65479 5768
84689 7450
-15369 1412
-89333 7895
66813 5908
-21495 1956
-30300 2733
-5987 537
-3413 331
12117 1064
59543 5242
-63134 5545
41573 3717
16398 1491
25320 2296
-42276 3778
-48718 4310
76083 6714
95076 8361
-24336 2176
-26490 2343
58271 5181
-57385 5045
55964 4941
-99687 8793
-21028 1879
1671 185
-81622 7231
-23353 2105
-26380 2329
81937 7228
-14925 1329
-83241 7342
59083 5213
31963 2825
-67418 5915
67056 5909
-25452 2242
-44840 3953
-84519 7431
7199 668
95283 8410
79210 7006
-61307 5391
50455 4443
59052 5193
83689 7416
-45184 3960
5105 519
85784 7596
-29531 2646
91556 8088
15581 1378
18892 1659
12300 1078
7839 723
-57553 5053
36989 3263
70198 6221
17751 1593
25366 2279
50018 4398
78704 6899
84903 7442
7007 675
-75506 6624
-92018 8095
-96561 8478
42304 3709
69523 6100
95911 8447
-99541 8805
-29033 2592
5519 492
95571 8425
16312 1487
-57484 5040
-89070 7886
14234 1293
-1450 149
92780 8145
86902 7647
-53069 4711
-52691 4692
-49903 4411
64746 5725
11580 1025
-13924 1267
35514 3176
-90325 7996
56715 4977
48289 4264
57973 5078
78781 6934
-51675 4555
23349 2083
41696 3724
-35447 3180
-6000 598
-81597 7170
71892 6377
-14008 1259
24942 2259
82097 7224
-55317 4865
-95027 8386
-6308 601
-67680 5936
-8651 841
15625 1392
72486 6353
60720 5403
-75720 6706
-9749 893
90509 7959
23564 2139
80536 7087
45585 4052
-65373 5805
96207 8506
76996 6828
57911 5118
-5440 560
-28392 2539
-43894 3894
-4708 420
-74594 6608
2604 283
39638 3479
