1000
7044
-34683 4261
20328 1464
-49429 8645
-15534 860
29849 3151
8123 234
-1184 11
-36501 4713
-6336 144
20734 1526
34389 4184
-48143 8197
7345 192
28301 2833
14475 740
36553 4730
-14288 724
46075 7505
41784 6173
12843 587
31194 3441
-7256 186
-44877 7121
-47340 7928
23335 1928
-44152 6895
1750 13
31409 3489
-11043 431
40591 5826
39464 5511
-30775 3348
17718 1109
38833 5335
-18775 1254
-47237 7895
47860 8103
13061 605
-8340 252
-38377 5208
-9817 342
-42853 6492
-22333 1766
8272 247
927 10
43357 6654
-32654 3777
-27412 2661
-39796 5600
-43607 6728
-19867 1396
27972 2773
-40372 5762
34659 4249
38598 5275
-12427 551
-9888 353
18523 1218
2144 17
-21630 1662
-24935 2206
-23058 1882
33933 4071
-12592 568
-22796 1841
-20739 1527
39090 5404
-11146 439
13050 607
47745 8066
4628 80
-23229 1914
45124 7207
-9607 328
27386 2654
36454 4702
-32114 3651
-4916 92
-28540 2880
35139 4373
-24231 2081
1985 17
18828 1253
-17541 1094
-48038 8162
44224 6921
43948 6828
17723 1117
-17667 1108
-2689 28
-30987 3394
-28971 2968
-14142 715
-22016 1716
24652 2155
-21810 1689
-6376 150
7153 182
-41436 6078
-19101 1296
-43653 6738
12233 531
48869 8448
39016 5384
-26395 2463
-13653 661
-43874 6808
760 5
28815 2940
49551 8684
15042 803
-49959 8826
-20635 1505
-25119 2238
-22028 1718
-21355 1618
-47283 7905
13036 602
39425 5501
28981 2974
-49907 8812
-26249 2442
33121 3884
42408 6364
-13793 675
-11381 465
-3412 48
-26601 2501
6535 154
15673 869
-6094 133
16389 952
-45093 7196
36756 4776
-22707 1830
-7688 214
-202 2
38247 5173
-24967 2207
31968 3617
45923 7464
3275 45
16292 945
-48623 8366
-41893 6211
38298 5188
9194 299
24914 2194
41715 6158
44057 6864
-12933 598
43516 6695
47245 7891
978 6
-46287 7581
-13 1
1386 8
-48619 8358
6996 176
27258 2631
-5464 112
49341 8611
-42265 6319
-19235 1308
39723 5578
-41832 6190
-873 9
31041 3413
6692 158
36278 4657
4949 89
7866 222
-44000 6847
-3178 38
29687 3117
1367 7
22935 1861
45871 7444
-14868 783
-3597 48
-46532 7658
-2501 24
12695 573
32183 3670
31407 3494
-16084 921
-3675 54
-26467 2478
44157 6893
2696 28
42257 6316
44447 6992
45447 7306
12836 588
-2700 32
15599 860
-39175 5427
48867 8443
-49073 8516
34593 4232
22185 1741
-43155 6586
-12929 598
32302 3697
-13419 638
8999 287
26829 2546
11589 479
18270 1181
-45731 7395
88 0
3051 33
46349 7601
-41664 6142
34346 4174
39689 5569
-2644 31
3650 51
47908 8119
18310 1188
-12080 520
-27096 2596
-27734 2720
-36425 4695
-37890 5081
21826 1692
-16640 979
49474 8657
-20397 1475
17485 1083
863 5
31818 3581
28319 2842
-13693 665
15384 838
33479 3964
-36626 4742
38162 5150
-34722 4267
-23853 2011
18196 1173
38716 5302
5979 134
22922 1857
-10350 382
-425 7
26933 2570
45359 7275
-46094 7513
-42770 6468
-18725 1246
26499 2485
-39939 5642
-29780 3140
-8449 256
26212 2437
8059 236
37602 5000
24519 2128
-4202 70
-41890 6205
49721 8745
-44572 7029
35518 4467
-36195 4631
-15506 858
10983 429
-38616 5276
20893 1545
30127 3211
22225 1748
-48709 8389
-35636 4498
48963 8483
-29095 2994
38629 5282
37733 5038
-32239 3674
-21863 1690
23358 1932
46254 7567
-13861 682
-45179 7220
-18937 1275
-27202 2622
-33715 4018
16013 910
39748 5594
-10278 377
28713 2921
19669 1373
46991 7812
-3939 56
31280 3464
-18780 1253
23418 1939
-21454 1631
41320 6041
29672 3120
8334 245
49155 8547
-45899 7451
-1315 10
-48807 8425
-12623 566
-3579 51
16357 951
-48608 8357
35381 4429
11713 489
5668 113
7877 225
8958 286
41676 6142
-2976 38
-19606 1359
11059 433
33669 4011
10589 398
-1604 15
-33389 3941
-34771 4274
-37756 5048
-6477 150
-40858 5907
-12082 518
-25635 2323
-26590 2499
8148 235
27259 2629
6212 137
-18374 1195
12107 523
21451 1634
-6696 166
8963 286
37762 5044
-22367 1775
-46391 7611
32193 3668
-48146 8197
43346 6643
-27335 2642
15895 900
13325 633
-37389 4943
18822 1255
-17328 1063
2070 20
-27590 2695
36734 4777
-15533 858
-30512 3293
-13230 619
45397 7291
-18381 1202
-17884 1136
26152 2424
-40424 5781
22080 1729
-18597 1230
20958 1556
-42662 6437
4839 87
7628 209
-44836 7115
2399 28
44243 6926
-36202 4641
-10941 428
-42295 6329
47379 7936
-39008 5385
-28187 2812
15205 823
-13843 680
-37207 4897
32486 3732
24857 2186
-12017 513
18267 1185
48456 8307
20874 1547
-10818 414
3086 39
23708 1987
-48255 8232
-41520 6101
-1302 7
-28404 2853
16906 1014
-36702 4763
-10982 431
-3981 58
-26538 2492
44208 6912
17802 1122
-5081 95
2752 33
-33729 4028
-16848 1011
-39310 5467
11637 478
43884 6809
18420 1199
36429 4696
43097 6571
47009 7819
6937 170
-42744 6463
38440 5225
-9282 307
17563 1095
-13079 607
-9000 291
-38011 5113
-25768 2351
-5020 95
2713 33
-13206 624
-28676 2910
-34852 4299
40539 5813
-1227 8
45000 7161
42324 6338
10834 421
34877 4304
-17050 1031
-20251 1453
-13192 618
-33728 4030
-4861 90
14821 781
-28736 2919
-12202 530
21422 1626
-43338 6647
-41253 6018
19641 1370
32593 3758
-7669 215
-9229 304
4346 72
-6146 140
-2396 21
-12976 602
23731 1993
-25088 2233
29767 3139
1659 15
-2313 20
8877 284
-40926 5930
-31354 3475
18552 1218
8794 277
-49093 8525
-34653 4253
6845 168
1064 7
32875 3828
-37083 4862
653 7
1801 12
32595 3762
-39872 5623
-46643 7696
46760 7732
-6701 166
46403 7620
24270 2082
33476 3969
-34071 4112
-17728 1112
15190 815
43517 6695
25355 2274
-45497 7323
21820 1688
23287 1922
23839 2013
34621 4242
37615 5002
6561 157
-25473 2300
36652 4752
-16966 1024
5703 120
5295 107
-22502 1790
18256 1178
39276 5455
44987 7158
-32996 3849
17576 1094
-3670 53
21987 1712
40211 5723
40195 5718
10582 402
45383 7290
-19685 1372
36467 4708
21895 1694
8367 251
1609 15
-12871 591
49651 8724
17896 1133
-3581 47
-43880 6815
-31102 3423
13491 646
25478 2296
-47847 8094
16671 988
-4740 85
-47580 8010
-46583 7675
9318 307
-22811 1847
-23920 2023
-25348 2272
18495 1213
-4640 80
-10831 416
-43665 6746
-38619 5274
15960 902
25240 2256
39490 5514
-28763 2930
14660 759
-24080 2052
5026 95
5171 102
-8250 240
-41159 5992
-9089 296
23833 2008
34950 4324
-26517 2486
32282 3689
-20110 1431
-44844 7116
-46549 7662
-45121 7201
12667 574
9144 300
42532 6400
-27539 2685
-4650 77
37099 4868
9896 350
-37306 4922
-8170 242
33797 4042
-4960 94
31666 3549
-13806 681
-23857 2013
-11304 453
44195 6907
-13510 653
-28685 2911
15077 810
11149 439
-32410 3721
-6836 172
-11508 469
42684 6441
18130 1169
-19457 1344
13968 697
-37752 5043
-25586 2320
17162 1043
-27314 2644
4722 79
-25919 2378
47969 8138
-47761 8073
-11825 498
-1318 14
48089 8182
26581 2500
13426 640
-46460 7635
-17390 1076
17195 1051
-9546 330
40338 5760
-25995 2391
39579 5542
-24492 2121
31315 3467
12343 546
-2079 21
-46408 7614
-13919 690
-15579 866
982 5
23444 1949
38448 5232
25035 2216
-9572 328
-12235 534
4620 82
-18947 1269
-44879 7121
48397 8285
-11870 500
36054 4595
26783 2541
-4710 84
-15282 833
29258 3028
43196 6599
29620 3103
10780 416
43681 6746
2009 19
-31607 3532
-2386 26
-42071 6263
49487 8661
-16080 915
16744 999
-27700 2720
45976 7480
-43890 6818
-14070 704
-9063 298
23108 1893
-1547 8
-34850 4295
48185 8210
-4437 70
17108 1034
-13928 688
-12472 549
23693 1988
36540 4720
-38666 5289
45442 7303
-43512 6696
47659 8031
6154 137
25884 2375
-38736 5305
-30779 3355
-43870 6810
34491 4209
12881 588
12781 578
14054 700
-8395 250
-38024 5114
2639 24
-46102 7519
36710 4767
-19789 1384
42955 6526
39446 5508
-18955 1275
49761 8761
10600 404
35927 4570
-6267 145
-34413 4195
-31418 3497
-33198 3896
-9424 320
1873 13
32459 3725
28440 2863
-19982 1416
49591 8697
17937 1143
43474 6683
-23919 2025
-26329 2452
34863 4302
-32950 3840
21186 1594
5365 103
-19511 1345
-25029 2222
-1555 14
-18233 1178
-33903 4063
-39271 5452
44300 6940
26897 2557
-24721 2166
21860 1694
2770 31
27303 2643
-43038 6554
7078 177
10915 423
20701 1522
-2054 18
40425 5785
-45304 7260
49622 8710
-47875 8109
13614 661
-1388 9
13004 599
-43095 6569
-41256 6022
-37091 4868
23382 1936
-13307 626
6256 141
37734 5035
29958 3180
35764 4522
-23817 2008
-39061 5395
32151 3657
42016 6242
-24356 2102
-33142 3891
-10923 427
30031 3190
-9944 352
-23107 1890
24655 2152
7661 215
-43007 6544
2611 25
-17042 1032
39816 5607
-3860 59
-29581 3101
-26197 2433
-20213 1448
-14328 729
8113 236
8760 276
-47478 7974
16763 994
-3724 52
20913 1548
-20050 1425
19194 1306
-17187 1046
-14573 753
36871 4808
29048 2991
-27039 2591
-4410 68
-48936 8468
-16249 939
1822 17
-35847 4551
24778 2173
-45131 7209
14403 733
-47822 8093
-14113 705
40512 5803
-13235 625
20310 1461
-31007 3401
-14993 794
41950 6227
-39979 5657
-34081 4106
-24019 2041
18390 1202
3569 48
-11194 450
-13722 669
-28730 2921
-33597 3992
-43572 6715
41417 6071
29777 3136
-47881 8111
-26738 2529
26017 2395
-31777 3574
-25911 2379
2320 23
-12273 539
46027 7491
13081 607
-28033 2778
-36510 4719
-29002 2975
23758 1996
14995 802
-20368 1472
23094 1887
1437 13
36017 4586
11142 443
-14385 736
-1380 8
43009 6545
-6604 157
34356 4180
13363 637
46596 7678
-43831 6797
-25488 2297
-36854 4805
-9470 323
-18342 1192
10762 412
-28773 2928
-2652 24
-20035 1427
46924 7792
-4765 83
29581 3097
-49673 8728
29810 3145
-24055 2046
-4414 68
21623 1659
14120 708
12189 533
40248 5732
-29375 3052
39729 5581
38608 5276
34640 4243
46220 7557
1846 15
4189 70
-23986 2037
17554 1090
32281 3684
-15788 888
25603 2319
-18281 1184
-40344 5754
3368 44
-42026 6246
49357 8613
-41021 5953
-30983 3394
-27352 2651
30302 3253
-3238 43
-39451 5502
29437 3063
-27651 2703
-28256 2828
20597 1500
4697 79
-37315 4924
13887 682
34327 4174
3383 47
4422 76
-27878 2747
18359 1196
16443 955
33055 3864
45718 7390
-11295 456
-44078 6873
-21701 1667
38751 5311
-8386 248
-23378 1936
9396 317
-29578 3099
-49284 8588
43265 6625
-20552 1498
-9780 346
-4754 86
-1831 13
1218 12
11577 476
-46471 7640
12442 550
-34191 4135
-37655 5020
-30273 3241
-30433 3274
48171 8211
27350 2649
-6011 133
2975 37
-49219 8570
-20330 1462
-48164 8203
4225 69
28411 2861
10126 368
-25914 2374
9627 331
-45277 7251
5348 101
-12423 550
-9431 316
11648 487
-34579 4227
29107 3001
-42371 6352
4891 90
10588 399
-29262 3029
-14312 728
-49171 8553
-20215 1450
46607 7680
-238 4
4292 69
47976 8140
29394 3058
28561 2889
21373 1623
-44192 6912
47308 7914
18833 1261
-15541 857
12606 562
43070 6561
-39114 5412
39993 5661
1697 11
-9358 312
-4805 85
36446 4701
11299 452
5174 97
-47637 8025
-1639 11
1059 11
-46977 7805
8208 242
-22429 1786
27663 2705
-45813 7426
2665 25
-48897 8461
10211 373
16008 906
-18613 1228
41587 6116
-35901 4561
38548 5259
-22475 1786
-24246 2080
-11397 459
-25646 2333
45996 7482
4364 73
-36655 4755
-34998 4330
22849 1847
-7930 228
-31159 3434
-19840 1392
22308 1767
-20874 1542
1714 10
-43719 6759
8906 283
-405 5
-35808 4537
26917 2569
-3838 55
-43968 6839
18932 1269
-10054 364
-48844 8440
25592 2320
66 7
13322 634
-1663 15
-48795 8421
-32206 3669
25934 2378
-11974 507
27379 2656
-21627 1655
38655 5283
-18918 1265
-42194 6302
13409 635
16007 906
20536 1497
15199 818
-13413 643
-28038 2787
16943 1015
16940 1016
-16251 935
5100 96
-28828 2938
